	CLU#792	SPP1#875	CLEC3A#802	CA2#301	HP#697	DUSP2#794	ZNF385B#019	MT1G#745	FBXO2#305	EFHD1#343	AURKB#464	UCP2#998	DLK1#560	GRP#326	BTC#412	IHH#358	WIF1#712	SFRP5#468	IBSP#370	MYBPC2#394	AGTR2#321	KCTD4#787	OSR2#568	SOX9#935	AGR2#173	NOTUM#649	WNK4#158	KIF1A#482	LIX1#865	RAPGEF4#651	COMP#713	BSN#586	COL2A1#492	MMP13#959	COL11A1#892	ACAN#679	COL9A1#008	FMOD#709	CADM2#754	MATN3#091	MPZL2#780	VEGFA#512	CDH15#328	FN1#199	SERPINA1#429	RAC2#603	S100P#351	TINAGL1#058	TGFA#016	ADRB2#170	MCOLN2#110	FERMT1#796	CRYBA2#136	CCDC26#849	SLCO2B1#473	ACRBP#717	MYL4#395	PHOSPHO1#218	LIF#266	MSLN#885	IL7#693	CXCL12#687	GLI3#201	SMO#29	IGF2#409	IGF1#541	FGF7#741	ANGPT1#939	GRB2#049	EGFR#983	CSF1R#104	CD47#075	BMPR1B#975	NOTCH3#238	LRP5#468	KDR#934	ATF2#984	RUNX1#129	PRRX2#729	FBXO7#178	CPEB1#578	FAM104A#319	RRBP1#204	FTH1#748	PRELP#223	ACTA1#872	GLI2#537	TNXA#093	CLDN5#482	CCL19#072	LBP#461	RIPK3#139	HECTD2#568	BACE1#462	DIP2C#504	ITSN1#776	OSMR#729	B3GNT8#338	DDIT4#887	CALM2#243	CTHRC1#681	LAPTM4A#673	MYL6#082	ANXA2#590	B2M#891	LGALS1#105	CD86#895	ACTB#594	COL1A1#499	CD99#029	SLITRK6#481	LHX8#469	COL6A1#428	IFITM3#203	ANXA5#782	ITM2B#732	CXCL14#484	SLIT3#813	MDK#035	SERPINF1#283	SFRP2#122	RARRES2#496	PTN#466	SFRP4#051	THY1#851	PDGFRB#273	RUNX2#231	PRRX1#695	JUNB#473	CDH5#677	DPEP1#983	ALPL#783	ISG15#483	CTSK#450	FTL#788	MMP2#069	ACTA2#974	LUM#744	COL3A1#076	COL6A3#438	PCOLCE#465	COL1A2#403	MFAP2#417	MXRA8#422	BGN#905	FBLN1#994	ASPN#087	POSTN#809	TAGLN#547	DCN#893	IL11RA#773	WNT5A#990	BMPR1A#32	ACVRL1#950	TGFB3#747	MRFAP1#091	PRSS23#458	MYL9#058	TNFRSF14#354	RILP#366	NUPR1#230	PAPD4#761	HIST1H2AJ#583	HIST1H2AM#583	FAM46B#518	WISP3#861	LECT1#309	CDC45L#126	HIST1H1E#553	CTGF#101	WISP2#792	C16orf77#046	ZFP106#781	ZNF474#907
CLU#792	5	0	0	0	0	0	0	0	0	0	0	0	0	0	0	0	0	0	0	4	0	0	0	0	0	0	0	3	3	3	0	3	0	0	0	0	0	0	3	0	0	0	0	0	0	0	0	0	0	0	0	0	0	4	0	0	0	0	0	0	0	0	0	0	0	0	0	0	0	0	0	0	0	0	0	0	0	0	0	0	0	0	0	0	0	0	0	0	0	0	3	0	0	0	0	0	0	0	0	2	0	0	0	0	0	0	0	0	0	0	0	0	0	0	0	0	0	0	0	0	0	0	0	0	0	0	0	0	0	0	0	0	0	0	0	0	0	0	0	0	0	0	0	0	0	0	0	0	0	0	0	0	0	0	0	0	0	0	0	0	0	0	0	0	0	0	0	0	0	0	3	0	0	3
SPP1#875	0	5	0	0	0	0	0	0	0	0	0	0	0	0	0	0	0	0	0	4	0	0	0	0	0	0	0	3	3	0	0	3	0	0	0	0	0	0	3	0	0	0	0	0	0	0	0	0	0	0	0	0	0	4	0	4	4	4	0	0	0	0	0	0	0	0	0	0	0	0	0	0	0	0	0	0	0	0	0	0	0	0	0	0	0	0	0	0	0	0	0	0	0	0	0	0	0	0	0	2	0	0	0	0	0	0	0	0	0	0	0	0	0	0	0	0	0	0	0	0	0	0	0	0	0	0	0	0	0	0	0	0	0	0	2	0	0	0	0	0	0	0	0	0	0	0	0	0	0	0	0	0	0	0	0	0	0	0	0	0	0	0	0	0	0	0	0	0	4	0	0	0	0	0
CLEC3A#802	0	0	5	0	4	4	0	0	0	0	4	0	4	0	0	0	4	0	0	0	0	0	0	0	0	0	0	0	4	4	0	0	0	0	0	0	0	0	0	0	0	0	0	0	0	0	0	0	0	0	4	0	0	0	0	4	0	0	0	4	4	0	0	0	0	0	0	0	0	0	0	0	0	0	0	0	0	0	0	0	0	0	0	0	0	0	0	0	0	0	0	0	0	0	0	0	0	0	0	0	0	0	0	0	0	0	0	0	0	0	0	4	0	0	0	0	0	0	0	0	0	0	0	0	0	0	0	0	0	0	4	0	0	0	0	0	0	0	0	0	0	0	0	0	0	0	0	0	0	0	0	0	0	0	0	0	0	0	0	0	0	0	0	0	0	0	0	0	4	0	0	0	0	4
CA2#301	0	0	0	5	0	0	0	0	0	0	0	0	0	0	0	0	0	0	0	0	0	0	0	0	0	0	0	0	0	0	0	0	0	0	0	0	0	0	0	0	0	0	0	0	0	0	0	0	0	0	0	0	0	0	0	0	0	0	0	0	0	0	0	0	0	0	0	0	0	0	0	0	0	0	0	0	0	0	0	0	0	0	0	0	0	0	0	0	0	0	0	0	0	0	0	0	0	0	0	0	0	0	0	0	0	0	0	0	0	0	0	0	0	0	0	0	0	0	0	0	0	0	0	0	0	0	0	0	0	0	0	0	0	0	0	0	0	0	0	0	0	0	0	0	0	0	0	0	0	0	0	0	0	0	0	0	0	0	0	0	0	0	0	0	0	0	0	0	0	0	0	0	0	4
HP#697	0	0	4	0	5	0	0	0	0	0	0	0	0	4	4	4	0	0	0	4	0	4	4	0	0	0	4	4	4	0	4	4	0	4	4	4	4	0	4	0	0	0	0	0	2	0	0	4	0	0	4	4	4	0	0	0	0	0	0	0	0	0	4	0	0	0	0	4	0	0	0	0	4	0	0	0	0	0	0	0	4	0	0	2	0	4	4	0	0	0	0	0	0	0	0	0	0	0	0	0	0	2	2	0	2	0	0	0	0	2	4	4	0	2	2	2	0	0	0	0	0	0	4	0	0	0	0	0	0	0	4	0	0	0	2	0	0	0	0	0	0	0	0	0	0	0	0	0	0	0	0	0	0	0	0	0	0	0	0	0	0	0	0	0	4	0	4	0	0	0	4	0	0	4
DUSP2#794	0	0	4	0	0	5	4	0	4	4	0	2	4	4	4	4	4	0	0	4	4	4	0	0	4	0	4	4	4	4	4	4	4	4	4	4	4	0	4	4	4	0	0	4	0	2	0	4	0	0	0	4	4	0	0	0	0	0	0	4	0	0	4	0	4	0	4	0	2	4	0	2	4	4	4	4	0	0	0	0	4	0	0	0	4	4	4	4	0	0	4	0	0	4	4	4	4	0	0	0	0	0	2	0	2	0	0	0	0	0	4	4	0	0	0	0	0	4	4	0	4	0	4	4	4	4	0	0	0	4	4	4	0	0	0	0	0	0	0	0	0	0	4	4	0	4	4	0	0	0	0	0	0	0	4	0	0	0	2	0	0	2	0	0	4	4	4	0	0	0	4	0	0	4
ZNF385B#019	0	0	0	0	0	4	5	0	0	0	0	0	0	0	0	4	0	0	0	0	0	0	0	0	0	0	0	0	0	0	0	3	0	0	0	0	0	0	0	0	0	0	0	0	0	4	4	0	0	0	4	4	0	4	0	4	4	4	4	4	0	0	0	0	0	0	0	0	0	0	0	0	0	0	0	0	0	4	0	4	0	4	0	0	0	0	0	0	0	0	0	4	0	0	2	2	0	4	0	0	0	0	0	0	0	0	0	0	0	0	0	0	2	0	0	0	0	0	0	0	0	0	0	0	0	0	0	0	0	0	0	0	0	0	0	0	0	0	0	0	0	0	0	0	0	0	0	0	0	0	0	0	0	0	0	2	0	0	0	0	0	0	4	4	4	0	0	0	4	0	0	0	0	4
MT1G#745	0	0	0	0	0	0	0	5	0	0	0	0	0	0	0	0	0	0	0	0	0	0	0	0	0	0	0	0	0	0	0	0	0	0	0	0	0	0	0	0	0	0	0	0	0	0	0	0	0	0	0	0	0	4	0	4	4	4	0	0	0	0	0	0	0	0	0	4	0	0	0	0	0	0	0	0	0	0	0	4	0	0	0	0	0	0	0	0	0	0	3	0	0	0	0	0	0	0	0	2	0	0	0	0	0	0	0	0	0	0	0	0	0	0	0	0	0	0	0	0	0	0	0	0	0	0	0	0	0	0	0	0	0	0	0	0	0	0	0	0	0	0	0	0	0	0	0	0	0	0	0	0	0	0	0	0	0	0	0	0	0	0	0	0	0	0	0	0	4	0	0	0	0	4
FBXO2#305	0	0	0	0	0	4	0	0	5	0	0	0	0	0	4	4	0	0	0	4	4	0	0	0	0	0	4	0	0	0	4	3	0	4	0	0	0	0	0	0	0	0	0	0	0	4	0	0	0	0	4	0	0	4	0	4	4	4	0	0	4	0	0	0	0	0	0	4	0	0	0	0	0	0	0	0	0	4	0	4	0	4	0	0	0	4	0	4	0	4	0	4	0	2	0	2	0	4	0	2	0	0	0	0	0	0	4	0	0	0	0	0	0	0	0	0	0	4	0	0	0	0	0	4	0	0	0	0	0	0	4	4	0	4	0	0	0	0	0	0	0	0	0	0	0	0	4	0	0	0	0	0	0	4	0	2	0	0	4	0	0	0	4	4	0	0	0	0	4	0	4	0	0	4
EFHD1#343	0	0	0	0	0	4	0	0	0	5	0	0	0	0	0	4	0	0	0	0	0	0	0	0	0	0	0	0	0	0	0	3	0	0	0	0	0	0	0	0	0	0	0	0	0	4	0	0	0	0	4	4	4	4	0	4	4	4	0	4	4	0	0	0	0	0	0	4	0	0	0	0	0	0	0	0	0	4	0	4	0	4	0	0	0	0	0	0	0	0	0	4	0	0	2	2	0	4	0	2	0	0	0	0	0	0	0	0	0	0	0	4	0	0	0	0	0	0	0	0	0	0	0	0	0	0	0	0	0	0	4	0	0	0	0	0	0	0	0	0	0	0	0	0	0	0	0	0	0	0	0	0	0	0	0	2	0	0	0	0	0	0	0	0	0	0	0	0	4	0	0	0	0	4
AURKB#464	0	0	4	0	0	0	0	0	0	0	5	0	0	4	0	0	4	0	0	4	4	4	0	0	0	0	0	0	4	4	0	4	0	0	0	0	0	0	4	0	0	0	0	0	0	0	0	0	0	0	0	0	0	0	0	0	0	4	0	0	0	0	0	0	0	0	0	0	0	0	0	0	0	0	0	0	0	0	0	0	0	0	0	0	4	4	0	4	4	0	4	0	0	0	0	0	0	0	0	2	0	0	2	0	0	0	0	2	0	0	0	0	0	0	0	0	0	0	0	0	0	0	0	0	0	0	0	0	0	0	0	0	0	0	0	0	0	0	0	0	0	0	0	0	0	0	0	0	0	0	0	0	0	0	4	0	0	0	0	0	0	0	0	0	0	0	0	5	0	0	0	0	0	4
UCP2#998	0	0	0	0	0	3	0	0	0	0	0	5	0	0	0	0	0	0	0	0	0	4	0	0	0	0	0	4	0	0	0	4	0	0	0	0	0	0	4	0	0	0	0	0	0	0	0	0	0	0	0	0	0	3	0	3	3	3	0	0	0	0	0	0	0	0	0	0	3	0	0	0	0	0	0	0	0	0	0	3	0	0	0	0	0	4	0	0	0	0	0	0	0	0	0	0	0	0	0	0	0	0	0	0	0	0	3	0	0	0	0	0	0	0	0	0	0	0	0	0	0	0	0	0	0	0	0	0	0	0	0	0	0	0	0	0	0	0	0	0	0	0	0	0	0	0	0	0	0	0	0	0	0	0	0	0	0	0	0	0	0	0	0	0	0	0	0	0	3	0	0	0	0	3
DLK1#560	0	0	4	0	0	4	0	0	0	0	0	0	5	0	4	4	0	0	0	0	0	4	0	0	0	0	0	0	0	0	4	0	0	4	0	0	0	0	0	0	0	2	0	0	0	4	0	0	0	0	4	0	0	0	0	4	0	4	4	0	4	0	0	0	0	0	0	0	0	0	0	0	0	0	0	0	0	0	0	0	0	0	0	0	0	0	0	0	0	4	4	4	0	0	0	0	0	0	0	0	0	2	0	0	0	0	4	0	0	0	0	0	0	0	0	0	0	0	0	0	0	0	0	0	0	0	0	0	0	0	4	0	0	0	0	0	0	0	0	0	0	0	0	0	0	0	0	0	0	0	0	0	2	0	0	0	0	0	0	0	0	0	0	0	0	0	0	0	0	0	0	0	0	4
GRP#326	0	0	0	0	4	4	0	0	0	0	4	0	0	5	0	0	0	4	0	4	0	0	0	0	0	4	0	0	0	0	0	0	0	0	0	0	0	0	0	0	0	2	0	0	0	4	0	0	0	0	4	0	0	0	0	4	4	4	0	0	0	0	0	0	0	0	0	0	0	0	0	0	0	0	0	0	0	0	0	4	0	4	0	0	0	4	0	0	0	0	0	0	0	0	2	2	0	0	0	0	0	2	0	2	0	0	0	0	2	0	0	0	2	0	2	0	0	0	0	0	0	0	0	0	0	0	0	2	0	0	0	0	0	0	0	0	0	0	2	0	0	2	0	0	0	0	0	2	0	2	0	0	2	0	0	0	2	0	0	0	0	0	4	4	0	0	0	4	4	2	0	0	0	0
BTC#412	0	0	0	0	4	4	0	0	4	0	0	0	4	0	5	0	0	4	4	4	0	0	0	0	0	0	0	4	0	0	0	4	0	0	0	4	0	0	4	0	2	2	4	0	0	4	0	0	0	0	0	0	0	4	0	4	4	4	0	0	0	0	0	0	0	0	0	0	0	2	0	2	0	0	0	0	0	4	0	4	4	4	2	0	0	4	0	0	0	0	4	0	0	0	0	0	0	0	0	2	0	2	2	2	2	0	0	2	0	0	0	0	0	0	2	2	0	0	0	0	0	0	0	0	0	0	0	0	0	0	0	0	0	0	0	0	0	0	0	0	0	0	0	0	0	0	0	0	0	0	0	0	2	0	0	0	2	0	0	0	0	0	4	4	0	0	4	0	4	2	0	0	0	3
IHH#358	0	0	0	0	4	4	4	0	4	4	0	0	4	0	0	5	0	0	0	4	0	4	0	2	2	0	0	4	4	4	4	4	0	4	0	0	0	2	4	0	2	2	0	4	0	4	2	0	0	4	0	2	0	4	2	4	4	4	0	0	0	0	0	0	0	0	0	4	4	2	0	0	4	0	2	0	0	4	0	4	4	4	2	0	0	4	0	4	0	0	4	2	4	0	0	0	4	0	0	2	0	2	2	2	2	0	4	2	2	0	0	4	2	2	2	2	0	4	0	0	0	0	4	0	0	0	0	0	0	0	0	4	0	0	2	0	0	2	2	2	0	2	0	0	0	0	0	0	0	0	4	0	2	2	4	0	2	0	0	0	0	0	4	4	4	0	0	0	4	2	4	0	4	0
WIF1#712	0	0	4	0	0	4	0	0	0	0	4	0	0	0	0	0	5	0	0	4	0	0	0	2	0	0	0	0	0	0	0	3	0	0	0	0	0	0	0	0	0	2	0	0	0	4	0	0	0	0	4	0	4	4	0	4	4	4	0	0	0	0	0	0	0	0	0	4	4	2	0	0	0	0	0	0	0	4	0	4	0	4	0	0	0	0	0	0	0	0	4	0	2	0	2	2	0	4	0	2	0	0	0	0	0	0	0	0	0	0	0	0	2	0	0	0	0	0	0	0	0	0	0	0	0	0	0	0	0	0	0	0	0	0	0	0	0	0	0	0	0	0	0	0	0	0	0	0	0	0	0	0	2	0	0	2	0	0	0	0	0	0	4	4	0	0	0	0	4	0	0	0	0	0
SFRP5#468	0	0	0	0	0	0	0	0	0	0	0	0	0	4	4	0	0	5	2	0	0	0	0	0	0	0	4	0	0	0	0	0	0	4	0	0	0	0	0	0	0	0	5	0	0	0	0	0	0	0	0	0	0	0	0	0	0	0	0	4	0	0	0	0	0	0	0	0	0	0	0	0	0	0	0	0	0	0	0	0	0	0	0	0	0	0	0	0	0	0	0	0	0	0	0	0	4	0	0	0	0	0	0	0	0	0	0	0	0	0	0	0	0	0	0	0	0	0	0	0	0	0	0	0	0	0	0	0	0	0	0	0	0	0	0	0	0	0	0	0	0	0	0	0	0	0	0	0	0	0	0	0	0	0	0	0	0	0	0	0	0	0	0	0	4	4	0	0	0	0	0	5	0	0
IBSP#370	0	0	0	0	0	0	0	0	0	0	0	0	0	0	4	0	0	3	5	0	0	0	0	0	0	0	0	0	0	0	0	0	0	0	0	0	0	0	0	0	0	0	5	0	0	0	0	0	0	0	0	0	0	0	0	0	0	0	0	0	0	0	0	0	0	0	0	0	0	0	0	0	0	0	0	0	0	0	0	0	0	0	0	0	0	0	0	0	0	0	0	0	0	0	0	0	0	0	0	0	0	0	0	0	0	0	0	0	0	0	0	0	0	0	0	0	0	0	0	0	0	0	0	0	0	0	0	0	0	0	0	0	0	0	0	0	0	0	0	0	0	0	0	0	0	0	0	0	0	0	0	0	0	0	0	0	0	0	0	0	0	0	0	0	4	0	0	0	0	0	0	3	0	0
MYBPC2#394	4	4	0	0	4	4	0	0	4	0	4	0	0	4	4	4	4	0	0	5	0	4	0	4	4	0	4	4	4	4	0	4	0	0	4	0	4	0	0	4	4	2	2	4	4	0	4	4	4	0	4	4	0	0	4	4	0	4	4	4	4	0	0	0	0	0	0	0	4	0	4	0	4	0	4	0	0	0	0	4	4	4	4	0	0	0	0	0	0	4	0	0	0	0	0	0	4	0	0	0	0	0	0	0	0	2	4	0	0	0	4	0	0	0	0	0	0	0	4	2	0	4	0	4	4	0	4	0	0	0	0	4	4	0	4	0	0	0	0	0	4	0	4	0	0	0	0	0	0	0	0	0	0	0	0	0	0	0	0	2	0	0	0	0	0	0	0	4	0	0	0	0	2	0
AGTR2#321	0	0	0	0	0	4	0	0	4	0	4	0	0	0	0	0	0	0	0	0	5	0	0	0	0	0	4	0	0	0	0	0	0	0	0	0	0	0	0	0	0	0	0	0	0	0	0	0	0	0	0	4	0	0	0	4	0	0	0	0	0	0	0	0	0	0	0	0	0	0	0	0	0	0	0	0	0	0	0	4	0	4	0	0	0	0	0	0	0	0	4	0	0	0	0	0	0	0	0	0	0	0	0	0	0	0	0	0	0	0	0	0	0	0	0	0	0	0	0	0	0	0	0	0	0	0	0	0	0	0	4	0	0	0	0	0	0	0	0	0	0	0	0	0	0	0	0	0	0	0	0	0	0	0	0	0	0	0	0	0	0	0	4	4	0	0	0	4	4	0	0	0	0	0
KCTD4#787	0	0	0	0	4	4	0	0	0	0	4	4	4	0	0	4	0	0	0	4	0	5	0	2	4	0	4	0	0	0	0	0	4	4	0	0	0	0	0	4	0	0	0	4	4	4	4	4	0	0	4	0	0	4	0	4	4	4	4	4	4	0	0	0	4	0	0	0	4	2	0	0	0	0	4	0	0	4	0	4	0	4	0	0	0	4	0	0	0	0	4	4	0	2	2	2	0	4	0	2	0	0	0	0	0	0	4	0	0	0	0	4	0	0	0	0	0	0	4	0	0	0	0	4	2	0	0	0	0	0	4	4	4	0	0	0	0	0	0	0	0	0	0	0	0	0	0	0	0	0	0	0	0	0	0	2	0	0	4	0	0	0	4	4	0	0	0	4	4	0	0	0	0	4
OSR2#568	0	0	0	0	4	0	0	0	0	0	0	0	0	0	0	0	0	0	0	0	0	0	5	0	0	0	0	4	4	0	0	4	0	0	0	0	0	0	4	0	0	2	0	0	0	0	0	0	0	0	0	0	0	4	0	4	4	4	0	0	0	0	0	0	0	0	0	4	0	0	0	0	0	0	0	0	0	0	0	4	0	0	0	0	0	0	0	0	0	0	0	0	0	0	0	0	0	0	0	2	0	2	2	2	0	0	0	2	0	0	0	0	0	0	2	0	0	0	0	0	0	0	0	0	0	0	0	0	0	0	0	0	0	0	0	0	0	0	0	0	0	0	0	0	0	0	0	0	0	0	0	0	2	0	0	2	0	0	0	0	0	0	0	0	0	0	4	0	4	0	0	0	0	4
SOX9#935	0	0	0	0	0	0	0	0	0	0	0	0	0	0	0	3	3	0	0	4	0	3	0	5	3	0	3	3	3	0	0	3	0	0	0	0	0	0	3	3	0	2	0	0	0	0	0	0	0	0	0	0	0	4	0	4	4	4	0	0	0	0	0	0	0	0	0	0	0	0	0	0	0	0	0	0	0	0	0	4	0	0	0	0	0	0	0	0	0	0	0	0	0	0	0	0	0	0	0	2	0	0	0	0	0	0	0	0	0	0	0	0	0	0	0	0	0	0	0	0	0	0	0	0	0	0	0	0	0	0	0	0	0	0	0	0	0	0	0	0	0	0	0	0	0	0	0	0	0	0	0	0	2	0	0	0	0	0	0	0	0	0	0	0	0	0	0	0	4	0	0	0	0	0
AGR2#173	0	0	0	0	0	4	0	0	0	0	0	0	0	0	0	3	0	0	0	4	0	4	0	2	5	0	0	4	4	4	0	4	0	0	0	0	0	0	4	0	0	2	0	0	0	0	0	0	0	0	0	0	0	4	0	4	4	4	0	0	0	0	0	0	0	0	0	4	0	0	0	0	0	0	2	0	0	0	0	4	4	4	2	0	0	4	0	0	0	0	0	0	0	0	0	0	0	0	0	2	0	2	2	2	0	0	0	2	0	0	0	4	0	0	2	2	0	0	0	0	0	0	0	0	0	0	0	0	0	0	0	0	0	0	2	0	0	0	0	0	0	0	0	0	0	0	0	0	0	0	4	0	2	0	0	0	2	0	0	0	0	0	0	0	0	0	4	0	4	2	0	0	0	3
NOTUM#649	0	0	0	0	0	0	0	0	0	0	0	0	0	4	0	0	0	0	0	0	0	0	0	0	0	5	0	4	4	4	4	4	0	4	0	0	0	0	4	0	0	0	0	0	0	0	0	0	0	0	0	0	0	0	0	0	0	0	0	0	0	0	0	0	0	0	4	0	0	0	0	0	4	0	0	0	0	0	0	0	0	0	0	0	0	0	0	0	0	4	0	0	0	0	0	0	0	0	0	0	0	0	0	0	0	0	0	0	0	0	0	4	0	0	0	0	0	0	0	0	0	0	0	0	0	0	0	0	0	0	0	0	0	0	0	0	0	0	0	0	0	0	0	0	0	0	0	0	0	0	0	0	0	0	0	0	0	0	0	0	0	0	0	0	4	4	0	0	0	0	4	3	0	4
WNK4#158	0	0	0	0	4	4	0	0	4	0	0	0	0	0	0	0	0	4	0	4	4	4	0	2	0	0	5	4	4	0	0	4	0	0	0	0	0	0	4	0	0	2	0	0	0	4	0	0	0	0	0	0	0	4	0	4	4	4	0	0	0	0	0	0	0	0	0	0	0	2	0	0	0	0	0	0	0	4	0	4	4	4	2	0	0	0	0	0	0	0	4	0	0	0	0	0	0	0	0	2	0	2	2	2	2	0	4	2	2	0	0	0	2	2	2	2	0	0	0	0	0	0	0	0	0	0	0	0	0	0	0	4	0	0	2	0	0	0	0	0	0	0	0	0	0	0	0	0	0	0	0	0	2	0	0	0	2	0	0	0	0	0	0	0	0	0	4	0	4	2	4	0	0	4
KIF1A#482	2	2	0	0	4	4	0	0	0	0	0	4	0	0	4	4	0	0	0	4	0	0	4	2	4	4	4	5	0	0	4	3	0	4	0	0	0	4	0	4	4	0	0	4	4	4	4	4	0	4	4	4	0	4	0	4	4	4	4	4	4	0	0	0	0	4	0	4	0	0	0	0	0	0	0	0	0	4	0	4	2	4	0	0	0	0	0	4	0	4	4	4	0	2	2	2	4	4	0	2	0	0	0	0	0	0	4	0	0	0	4	0	2	0	0	0	0	0	0	0	0	0	2	4	2	0	4	0	4	0	4	4	4	4	0	0	0	0	0	4	0	0	0	0	0	4	4	4	0	0	0	0	0	4	0	2	0	0	4	0	0	4	4	4	4	4	0	0	4	0	4	0	0	4
LIX1#865	2	2	4	0	4	4	0	0	0	0	4	0	0	0	0	4	0	0	0	4	0	0	4	2	4	4	4	0	5	0	4	0	0	4	0	0	0	0	0	0	0	0	0	0	0	4	4	0	0	4	4	4	0	4	0	4	4	4	4	0	4	0	0	0	0	0	0	0	0	0	0	0	0	0	4	0	0	4	4	0	0	4	0	0	0	4	0	4	0	4	4	4	2	2	2	2	4	4	0	2	0	0	0	0	0	0	4	0	0	0	4	0	0	0	0	0	0	4	0	0	0	0	0	4	0	0	0	0	0	0	4	0	4	4	0	0	0	0	0	0	4	0	0	0	0	0	4	0	0	0	0	0	0	0	0	2	0	0	4	4	0	0	4	4	4	0	0	4	4	0	4	0	0	4
RAPGEF4#651	2	0	4	0	0	4	0	0	0	0	4	0	0	0	0	4	0	0	0	4	0	0	0	0	4	4	0	0	0	5	0	3	0	0	0	0	0	0	0	0	0	0	0	0	0	4	4	0	0	0	4	0	0	4	0	4	4	4	4	4	0	0	0	0	0	0	0	0	0	0	0	0	0	0	0	0	0	4	0	4	0	4	0	0	0	4	0	0	0	0	0	4	2	2	2	2	0	4	0	2	0	0	0	0	0	0	4	0	0	0	0	0	2	0	0	0	0	0	0	0	0	0	0	0	0	0	0	0	0	0	4	0	4	0	0	0	0	0	0	0	0	0	0	0	0	0	0	0	0	0	0	0	0	0	0	2	0	0	0	0	0	0	4	4	0	0	0	4	4	0	0	0	0	4
COMP#713	0	0	0	0	4	4	0	0	4	0	0	0	4	0	0	4	0	0	0	0	0	0	0	0	0	4	0	4	4	0	5	4	0	0	0	0	4	2	4	0	0	2	0	0	0	0	0	0	0	0	4	0	4	4	0	4	4	4	0	0	0	2	2	0	0	0	0	4	0	0	0	2	0	2	0	0	0	0	2	4	4	4	2	2	0	0	0	0	0	0	0	0	2	0	2	2	0	4	0	2	2	2	2	2	2	2	0	2	2	2	0	0	2	2	2	2	0	0	0	2	2	2	0	2	2	2	2	2	0	0	0	0	0	2	2	2	2	2	2	2	2	2	2	2	2	2	2	2	2	2	0	0	2	0	2	0	2	2	0	0	2	0	0	0	0	0	4	0	4	2	0	0	0	4
BSN#586	2	2	0	0	4	4	2	0	2	2	4	4	0	0	4	4	2	0	0	4	0	0	4	2	4	4	4	2	0	2	4	5	4	4	0	0	0	4	2	4	4	0	0	4	4	4	4	4	0	4	4	4	0	4	2	4	4	4	4	4	4	4	0	0	4	4	0	0	0	0	0	4	2	0	4	4	0	4	4	4	2	4	4	0	0	4	4	4	2	4	4	4	2	2	2	2	4	4	0	2	4	4	4	4	0	0	4	0	4	4	4	4	2	0	0	0	2	4	4	0	0	4	2	4	2	0	4	0	4	4	4	4	4	4	0	4	4	4	4	4	4	4	4	4	4	4	4	4	4	0	0	4	0	4	0	2	4	4	4	0	4	4	4	4	4	4	0	4	4	0	4	2	0	4
COL2A1#492	0	0	0	0	0	4	0	0	0	0	0	0	0	0	0	0	0	0	0	0	0	4	0	0	0	0	0	0	0	0	0	4	5	0	0	0	0	0	0	0	0	2	0	0	0	4	0	4	4	4	4	4	0	4	0	4	4	4	4	0	4	0	0	2	0	0	0	0	0	0	0	0	0	0	0	0	0	4	0	4	0	0	0	0	0	0	0	0	4	4	4	4	0	0	0	2	0	4	0	2	0	2	0	0	0	0	4	0	0	0	0	0	0	0	2	0	0	0	2	0	0	0	0	0	0	0	0	0	0	0	4	0	0	0	0	0	0	0	0	0	0	0	0	0	0	0	0	0	0	0	0	0	2	4	0	2	0	0	4	4	0	0	0	0	0	0	0	0	4	0	0	0	0	0
MMP13#959	0	0	0	0	4	4	0	0	4	0	0	0	4	0	0	4	0	4	0	0	0	4	0	0	0	4	0	4	4	0	0	4	0	5	0	0	4	0	4	0	0	2	0	0	0	0	0	0	0	0	4	0	4	4	0	4	4	4	0	0	0	0	2	0	0	0	0	0	0	0	0	2	0	2	0	0	0	0	0	4	4	0	2	0	0	0	0	4	0	0	0	0	0	0	0	0	0	0	0	0	2	2	2	2	2	2	0	0	2	2	0	0	2	2	2	2	0	0	0	2	0	0	0	0	0	0	2	2	0	0	4	0	0	2	0	2	0	2	2	2	0	2	0	0	2	2	0	2	0	2	0	2	2	0	2	0	2	0	0	0	0	0	0	0	0	0	0	0	4	2	0	0	4	0
COL11A1#892	0	0	0	0	4	4	0	0	0	0	0	0	0	0	0	0	0	0	0	4	0	0	0	0	0	0	0	0	0	0	0	0	0	0	5	0	0	0	0	0	0	2	0	0	0	4	0	0	0	0	0	0	0	4	0	4	4	4	0	0	0	0	0	0	0	0	0	4	0	0	0	0	0	0	0	0	0	0	0	4	0	0	0	0	0	4	0	0	0	0	0	0	0	0	2	0	0	0	0	2	2	2	2	2	0	2	0	2	2	0	0	0	2	2	2	0	0	0	0	0	0	0	0	0	2	2	0	2	0	0	0	0	0	0	2	2	2	2	2	2	0	2	0	2	2	0	0	2	0	2	0	0	2	0	0	0	2	0	0	0	0	0	0	0	0	0	0	0	4	2	0	0	0	4
ACAN#679	0	0	0	0	4	4	0	0	0	0	0	0	0	0	4	0	0	0	0	0	0	0	0	0	0	0	0	0	0	0	0	0	0	0	0	5	0	0	0	0	0	0	0	0	0	0	0	0	0	0	4	0	0	4	0	4	0	0	0	4	0	0	2	0	0	0	0	0	4	0	0	0	0	0	0	0	0	0	2	0	0	0	0	0	0	0	2	0	0	4	0	0	0	0	0	0	0	0	0	0	0	0	0	0	0	0	0	0	0	0	4	0	0	0	0	0	0	0	0	0	0	0	0	0	0	0	0	0	0	0	0	0	0	0	0	0	0	0	0	0	0	0	0	0	0	0	0	0	0	0	0	0	0	0	0	0	0	0	0	0	0	0	0	0	0	0	0	0	0	0	0	0	0	0
COL9A1#008	0	0	0	0	4	4	0	0	0	0	0	0	0	0	0	0	0	0	0	4	0	0	0	0	0	0	0	0	0	0	4	0	0	4	0	0	5	0	0	4	0	0	0	4	0	0	0	0	0	4	0	0	0	0	0	4	0	0	0	0	4	0	0	0	0	0	0	0	0	0	0	0	0	0	0	0	0	0	0	0	0	4	0	0	0	0	0	0	0	4	4	0	0	0	0	0	4	0	0	0	0	0	0	0	0	0	4	0	0	0	0	4	0	0	0	0	0	0	0	0	0	0	0	0	0	0	0	0	0	0	0	0	0	0	0	0	0	0	0	0	0	0	0	0	0	0	0	0	0	0	0	0	0	0	0	0	0	0	0	0	0	0	0	0	4	0	0	0	0	0	4	0	0	0
FMOD#709	0	0	0	0	0	0	0	0	0	0	0	0	0	0	0	3	0	0	0	0	0	0	0	0	0	0	0	4	0	0	3	4	0	0	0	0	0	5	4	0	0	2	0	0	0	0	0	0	0	0	0	0	0	4	0	4	4	4	0	0	0	0	0	0	0	0	0	4	0	0	0	0	0	0	0	0	0	0	0	4	0	4	0	0	3	0	0	3	0	3	0	0	0	0	0	0	0	0	0	2	0	2	2	2	2	0	0	0	2	2	0	0	2	2	2	2	0	0	0	2	3	0	0	3	0	3	0	0	0	0	0	0	0	3	0	2	2	2	2	2	0	2	0	2	0	0	3	0	2	2	0	0	2	0	0	0	2	2	0	0	2	0	4	4	0	0	0	0	4	2	0	0	0	0
CADM2#754	2	2	0	0	4	4	0	0	0	0	4	4	0	0	4	4	0	0	0	0	0	0	4	2	4	4	4	0	0	0	4	3	0	4	0	0	0	4	5	0	4	0	0	4	4	4	4	4	0	4	4	4	0	4	0	4	4	4	4	4	4	4	0	0	0	4	0	0	0	0	0	0	0	0	4	0	0	4	4	4	2	4	4	0	0	0	0	4	0	4	4	4	0	2	2	2	4	4	0	2	0	0	0	0	0	0	4	0	0	0	4	0	2	0	0	0	0	4	0	0	0	4	2	4	2	0	4	0	4	0	4	4	4	4	0	0	0	0	0	0	4	0	4	0	0	4	4	0	0	0	0	0	0	4	0	2	0	4	4	0	0	0	4	4	4	4	0	4	4	0	4	0	0	4
MATN3#091	0	0	0	0	0	4	0	0	0	0	0	0	0	0	0	0	0	0	0	4	0	4	0	2	0	0	0	4	0	0	0	4	0	0	0	0	4	0	0	5	0	2	0	0	0	4	0	0	0	0	4	0	0	0	0	4	4	4	0	0	0	0	0	0	0	0	0	0	0	0	0	0	0	0	0	0	2	4	0	4	4	0	2	2	0	0	0	4	4	0	0	4	2	0	0	2	0	4	0	2	0	2	2	2	0	0	0	0	0	0	0	0	0	0	2	0	0	0	0	0	0	0	0	0	0	0	0	0	0	0	0	0	0	0	0	0	0	0	0	0	0	0	0	0	0	0	0	0	0	0	0	0	2	0	0	2	2	0	4	4	0	0	0	0	0	0	0	0	4	2	0	4	0	4
MPZL2#780	0	0	0	0	0	4	0	0	0	0	0	0	0	0	3	3	0	0	0	4	0	0	0	0	0	0	0	4	0	0	0	4	0	0	0	0	0	0	4	0	5	2	0	0	0	0	0	0	0	0	0	0	0	4	0	4	4	4	0	3	0	0	0	0	0	0	0	0	0	0	0	0	0	0	0	0	0	4	0	4	4	0	0	0	0	0	0	0	0	0	0	0	0	0	0	0	0	0	0	2	0	2	2	2	0	0	0	0	0	0	0	0	0	0	2	2	0	0	0	0	0	0	0	0	0	0	0	0	0	0	0	0	0	0	0	0	0	0	0	0	0	0	0	0	0	0	0	0	0	0	0	0	2	0	0	0	2	0	0	0	0	0	0	0	0	0	4	0	4	0	0	0	0	3
VEGFA#512	0	0	0	0	0	0	0	0	0	0	0	0	3	3	3	3	3	0	0	3	0	0	3	3	3	0	3	0	0	0	3	0	3	3	3	0	0	3	0	3	3	5	0	3	0	0	0	0	0	0	0	3	0	0	0	0	0	0	3	3	0	3	0	0	3	3	3	0	0	3	0	0	0	3	3	3	0	0	0	0	0	0	0	0	3	3	0	3	0	3	3	0	0	0	0	0	3	0	0	0	0	0	0	0	0	0	0	0	3	0	3	3	0	0	0	0	3	3	0	0	3	3	0	3	0	3	0	3	0	3	0	0	0	3	0	0	3	3	3	3	3	3	3	3	3	3	3	3	3	3	0	3	0	0	0	0	3	3	0	0	3	0	0	0	3	3	0	0	0	0	3	0	0	3
CDH15#328	0	0	0	0	0	0	0	0	0	0	0	0	0	0	4	0	0	5	5	3	0	0	0	0	0	0	0	0	0	0	0	0	0	0	0	0	0	0	0	0	0	0	5	0	0	0	0	0	0	0	0	0	0	0	0	0	0	0	0	0	0	0	0	0	0	0	0	0	0	0	0	0	0	0	0	0	0	0	0	0	0	0	0	0	0	0	0	0	0	0	0	0	0	0	0	0	0	0	0	0	0	0	0	0	0	0	0	0	0	0	0	0	0	0	0	0	0	0	0	0	0	0	0	0	0	0	0	0	0	0	0	0	0	0	0	0	0	0	0	0	0	0	0	0	0	0	0	0	0	0	0	0	0	0	0	0	0	0	0	0	0	0	0	0	0	0	0	0	0	0	0	5	0	0
FN1#199	0	0	0	0	0	4	0	0	0	0	0	0	0	0	0	4	0	0	0	4	0	4	0	0	0	0	0	4	0	0	0	4	0	0	0	0	4	0	4	0	0	2	0	5	0	0	0	0	0	0	4	0	4	4	0	4	4	4	0	0	0	0	0	0	0	0	0	0	0	0	0	0	0	0	0	0	0	0	0	4	0	0	2	0	0	4	0	0	0	0	0	0	0	0	0	2	0	4	0	2	0	2	2	2	2	0	0	2	0	2	0	0	0	0	2	0	0	0	0	0	0	0	0	0	0	0	0	0	0	0	4	0	0	0	0	0	0	0	0	0	0	0	0	0	0	0	0	0	0	0	0	0	2	0	0	0	0	0	0	0	0	0	4	4	0	0	0	0	4	2	0	0	0	4
SERPINA1#429	0	0	0	0	3	0	0	0	0	0	0	0	0	0	0	0	0	0	0	4	0	4	0	0	0	0	0	4	0	0	0	4	0	0	0	0	0	0	4	0	0	0	0	0	5	0	0	0	0	0	0	0	0	0	0	0	0	3	0	0	0	0	0	0	0	0	0	0	0	0	0	0	0	0	0	0	0	0	0	0	4	0	0	2	0	4	0	0	0	0	3	0	0	0	0	0	0	0	0	0	0	0	2	0	2	0	0	2	0	0	0	4	0	0	0	2	0	0	0	0	0	0	0	0	0	0	0	0	0	0	0	0	0	0	2	0	0	0	0	0	0	0	0	0	0	0	0	0	0	0	0	0	0	0	0	0	0	0	0	0	0	0	0	0	0	0	0	0	0	0	0	0	0	0
RAC2#603	0	0	0	0	0	3	4	0	4	4	0	0	4	4	4	4	4	0	0	0	0	4	0	0	0	0	4	4	4	4	0	4	4	0	4	0	0	0	4	4	0	0	0	0	0	5	0	0	0	0	0	0	0	3	0	3	0	3	0	0	0	0	0	0	4	0	0	0	2	0	0	2	4	0	0	0	0	0	0	0	4	0	0	0	4	4	0	4	0	0	4	0	0	0	4	0	0	0	0	0	0	0	0	0	2	0	3	0	0	0	0	4	0	0	0	0	0	4	0	0	0	0	4	0	0	0	0	0	0	0	0	0	0	0	0	0	0	0	0	0	0	0	0	0	0	0	0	0	0	0	0	0	0	0	4	0	0	0	0	0	0	0	0	0	0	4	0	0	3	0	4	0	0	4
S100P#351	0	0	0	0	0	0	4	0	0	0	0	0	0	0	0	3	0	0	0	4	0	4	0	0	0	0	0	4	4	4	0	4	0	0	0	0	0	0	4	0	0	0	0	0	0	0	5	0	0	0	0	0	0	0	0	0	0	0	0	0	0	0	0	0	0	0	0	0	0	0	0	0	0	0	0	0	0	0	0	0	4	0	0	0	0	4	0	0	0	0	0	0	0	0	0	0	0	0	0	0	0	0	2	0	2	0	0	0	0	0	0	4	0	0	0	0	0	0	0	0	0	0	0	0	0	0	0	0	0	0	0	0	0	0	0	0	0	0	0	0	0	0	0	0	0	0	0	0	0	0	0	0	0	0	0	0	0	0	0	0	0	0	0	0	0	0	0	0	0	0	0	0	0	3
TINAGL1#058	0	0	0	0	4	4	0	0	0	0	0	0	0	0	0	0	0	0	0	4	0	4	0	0	0	0	0	4	0	0	0	4	4	0	0	0	0	0	4	0	0	0	0	0	0	0	0	5	0	0	0	0	0	4	0	4	0	4	0	0	0	0	0	0	0	0	0	0	4	0	0	0	0	0	0	0	0	0	0	4	4	0	0	0	0	0	0	0	0	0	0	0	0	0	0	0	0	0	0	0	0	2	0	0	0	0	4	0	0	0	0	4	0	0	0	0	0	0	0	0	0	0	0	0	0	0	0	0	0	0	0	0	0	0	0	0	0	0	0	0	0	0	0	0	0	0	0	0	0	0	0	0	2	0	0	0	0	0	0	0	0	0	0	0	0	0	0	0	4	0	0	0	0	4
TGFA#016	0	0	0	0	0	0	0	0	0	0	0	0	0	0	0	0	0	0	0	4	0	0	0	0	0	0	0	0	0	0	0	0	4	0	0	0	0	0	0	0	0	0	0	0	0	0	0	0	5	0	0	0	0	4	0	0	0	0	0	0	0	0	0	0	0	0	0	0	0	0	0	0	0	0	0	0	0	0	0	0	0	0	0	0	0	0	0	0	0	0	0	0	0	0	0	0	0	0	0	2	0	0	0	0	0	0	0	0	0	0	0	0	0	0	2	0	0	0	0	0	0	0	0	0	0	0	0	0	0	0	0	0	0	0	0	0	0	0	0	0	0	0	0	0	0	0	0	0	0	0	0	0	0	0	0	0	0	0	0	0	0	0	0	0	0	0	0	0	4	0	0	0	0	3
ADRB2#170	0	0	0	0	0	0	0	0	0	0	0	0	0	0	0	4	0	0	0	0	0	0	0	0	0	0	0	4	4	0	0	4	4	0	0	0	4	0	4	0	0	0	0	0	0	0	0	0	0	5	0	0	0	0	0	3	0	3	0	0	0	0	0	0	0	0	0	0	0	0	0	0	0	0	0	0	0	0	0	0	4	0	0	0	0	0	0	0	0	0	0	0	0	0	0	0	0	0	0	0	0	0	0	0	2	0	0	0	0	0	0	0	0	0	0	0	0	0	0	0	0	0	0	0	0	0	0	0	0	0	4	0	0	0	0	0	0	0	0	0	0	0	0	0	0	0	0	0	0	0	0	0	0	0	0	0	0	0	0	0	0	0	0	0	0	0	0	0	0	0	0	0	0	0
MCOLN2#110	0	0	4	0	4	0	4	0	4	4	0	0	4	4	0	0	4	0	0	4	0	4	0	0	0	0	0	4	4	4	4	4	4	4	0	4	0	0	4	4	0	0	0	4	0	0	0	0	0	0	5	0	0	0	0	0	4	4	0	4	0	0	4	0	4	0	0	4	2	0	0	2	4	4	0	0	0	0	0	0	0	0	0	0	4	4	4	4	0	0	4	0	0	4	0	0	4	0	0	0	0	0	0	0	2	0	0	2	0	0	0	4	0	0	0	0	0	4	0	0	0	0	4	0	0	0	0	0	0	0	0	4	0	0	0	0	0	0	0	0	0	0	0	4	0	0	0	0	0	0	0	0	0	0	4	0	0	0	2	0	0	2	0	0	4	4	4	0	0	0	4	0	0	4
FERMT1#796	0	0	0	0	4	4	4	0	0	4	0	0	0	0	0	3	0	0	0	4	4	0	0	0	0	0	0	4	4	0	0	4	4	0	0	0	0	0	4	0	0	2	0	0	0	0	0	0	0	0	0	5	0	4	0	4	4	4	0	0	0	0	0	0	0	0	0	4	0	2	0	0	0	0	0	0	0	0	0	4	4	0	0	0	0	0	0	0	0	0	4	0	0	0	0	0	0	0	0	2	0	2	2	2	0	0	0	2	0	0	0	0	0	0	2	0	0	0	0	0	0	0	0	0	0	0	0	0	0	0	0	4	0	0	0	0	0	0	0	0	0	0	0	0	0	0	0	0	0	0	0	0	2	0	0	0	0	0	0	0	0	0	4	4	0	0	0	0	4	0	0	0	4	4
CRYBA2#136	0	0	0	0	4	4	0	0	0	4	0	0	0	0	0	0	4	0	0	0	0	0	0	0	0	0	0	0	0	0	4	0	0	4	0	0	0	0	0	0	0	0	0	4	0	0	0	0	0	0	0	0	5	0	0	4	0	0	0	0	0	0	0	0	0	0	0	0	0	0	0	0	0	0	0	0	0	0	0	4	0	0	0	0	0	4	0	0	0	0	4	0	0	0	0	0	4	0	0	0	0	0	0	0	0	0	0	0	0	0	0	0	0	0	0	0	0	0	0	0	0	0	0	4	0	0	0	0	0	0	0	4	0	0	0	0	0	0	0	0	0	0	0	0	0	0	0	0	0	0	0	0	0	0	0	0	0	0	0	0	0	0	0	0	4	0	0	0	0	0	4	0	4	0
CCDC26#849	4	4	0	0	0	0	4	4	4	4	0	2	0	0	4	4	4	0	0	0	0	4	4	4	4	0	4	4	4	4	4	4	4	4	4	4	0	4	4	0	4	0	0	4	0	2	0	4	4	0	0	4	0	5	4	0	0	4	4	4	0	4	0	0	4	4	4	0	0	4	0	0	4	4	0	4	0	2	4	0	4	0	4	0	4	4	4	4	4	4	4	0	0	4	4	4	4	0	0	0	0	0	0	0	0	0	0	0	4	0	4	0	4	0	0	0	4	4	0	0	4	4	4	4	4	4	0	4	0	4	0	4	0	4	0	4	4	4	4	4	4	4	4	4	4	4	4	4	4	4	0	4	0	4	4	0	4	4	0	0	4	0	0	0	4	0	0	0	0	0	4	0	0	4
SLCO2B1#473	0	0	0	0	0	0	0	0	0	0	0	0	0	0	0	3	0	0	0	4	0	0	0	0	0	0	0	0	0	0	0	3	0	0	0	0	0	0	0	0	0	0	0	0	0	0	0	0	0	0	0	0	0	4	5	4	4	4	0	0	0	0	0	0	0	0	0	0	0	0	0	0	0	0	0	0	0	0	0	4	0	4	0	0	3	0	0	0	0	3	3	0	0	0	0	0	0	0	0	2	0	0	0	0	2	0	0	0	0	0	0	0	2	0	2	2	0	0	0	0	3	3	0	3	0	0	0	0	0	3	0	0	0	0	2	0	0	0	0	0	0	0	0	0	0	0	3	0	0	0	0	0	0	3	0	0	0	0	0	0	0	0	0	0	0	0	0	0	4	0	0	0	0	4
ACRBP#717	0	4	4	0	0	0	4	4	4	4	0	2	4	4	4	4	4	0	0	4	4	4	4	4	4	0	4	4	4	4	4	4	4	4	4	4	4	4	4	4	4	0	0	4	0	2	0	4	0	2	0	4	4	0	4	5	0	0	4	4	4	4	4	4	4	4	4	0	2	4	0	2	4	4	4	4	0	0	4	0	4	2	4	2	4	4	4	4	0	4	4	2	4	4	4	4	4	0	0	0	4	0	2	0	2	0	0	2	4	2	4	4	4	0	0	2	4	4	4	4	4	4	4	4	4	4	2	4	0	4	4	0	0	4	2	4	4	4	4	4	4	4	4	4	4	4	4	4	4	4	0	4	4	4	4	0	4	4	2	0	4	0	0	0	4	4	0	0	0	4	4	0	0	4
MYL4#395	0	4	0	0	0	0	4	4	4	4	0	2	0	4	4	4	4	0	0	0	0	4	4	4	4	0	4	4	4	4	4	4	4	4	4	0	0	4	4	4	4	0	0	4	0	0	0	0	0	0	4	4	0	0	4	0	5	0	4	4	4	0	0	0	0	4	4	0	0	4	0	0	4	4	4	4	0	0	0	0	4	0	4	2	0	0	0	0	0	4	4	0	4	4	0	0	4	2	0	0	4	0	0	0	2	0	0	0	0	0	4	4	0	0	0	2	4	4	4	0	4	4	4	4	4	4	0	4	0	0	4	0	0	4	2	0	4	0	0	0	4	0	4	4	4	4	0	4	4	0	0	4	0	4	0	0	4	0	0	2	4	0	0	0	4	4	0	0	0	0	4	0	0	4
PHOSPHO1#218	0	4	0	0	0	0	4	4	4	4	4	2	4	4	4	4	4	0	0	4	0	4	4	4	4	0	4	4	4	4	4	4	4	4	4	0	0	4	4	4	4	0	0	4	2	2	0	4	0	2	4	4	0	4	4	0	0	5	4	4	4	4	4	0	4	4	4	0	2	4	0	2	4	4	4	4	0	0	0	0	4	2	4	2	4	4	0	4	0	4	4	2	4	4	4	4	4	2	0	0	4	0	0	0	0	0	0	0	4	0	4	4	4	2	0	2	4	4	4	4	4	4	4	4	4	4	2	4	2	4	4	2	0	4	2	4	4	4	4	4	4	4	4	4	4	4	4	4	4	4	0	4	4	4	4	4	4	4	2	2	4	2	2	2	4	4	0	4	0	4	4	0	0	0
LIF#266	0	0	0	0	0	0	4	0	0	0	0	0	4	0	0	0	0	0	0	4	0	4	0	0	0	0	0	4	4	4	0	4	4	0	0	0	0	0	4	0	0	2	0	0	0	0	0	0	0	0	0	0	0	4	0	4	4	4	5	0	0	0	0	0	0	0	0	4	0	0	0	0	0	0	0	0	0	0	0	4	0	0	2	2	0	4	0	0	0	0	0	0	0	0	0	0	0	0	0	2	0	2	2	2	2	0	0	2	0	0	0	0	0	0	2	0	0	0	0	0	0	0	0	0	0	0	0	0	0	0	0	0	0	0	2	0	0	0	0	0	0	0	0	0	0	0	0	0	0	0	0	0	2	0	0	0	2	0	0	0	0	0	0	0	0	0	0	0	4	0	0	0	0	4
MSLN#885	0	0	4	0	0	4	4	0	0	4	0	0	0	0	0	0	0	4	0	4	0	4	0	0	0	0	0	4	0	4	0	4	0	0	0	4	0	0	4	0	2	2	0	0	0	0	0	0	0	0	4	0	0	4	0	4	4	4	0	5	0	0	0	0	0	0	0	4	0	2	0	2	0	0	2	0	0	0	0	4	4	4	2	2	0	4	0	0	0	0	4	0	0	0	0	0	0	0	0	2	0	2	2	2	2	0	0	2	0	0	0	4	0	2	2	2	0	0	0	0	0	0	0	0	0	0	0	0	0	0	0	0	0	0	2	0	0	0	0	0	0	0	0	0	0	0	0	0	0	0	4	0	2	0	0	0	2	0	0	0	0	0	0	0	0	0	4	0	4	2	0	0	0	3
IL7#693	0	0	4	0	0	0	0	0	4	4	0	0	4	0	0	0	0	0	0	4	0	4	0	0	0	0	0	4	4	0	0	4	4	0	0	0	4	0	4	0	0	0	0	0	0	0	0	0	0	0	0	0	0	0	0	4	4	4	0	0	5	0	0	0	0	0	0	0	0	0	0	2	0	0	0	0	0	0	0	4	4	0	0	0	0	4	0	0	0	0	0	0	0	0	0	0	0	0	0	2	0	0	2	0	2	0	0	2	0	0	0	0	0	0	2	0	0	0	0	0	0	0	0	0	0	0	0	0	0	0	0	0	0	0	0	0	0	0	0	0	0	0	0	0	0	0	0	0	0	0	0	0	0	0	0	0	0	0	0	0	0	2	0	0	0	0	4	0	0	0	0	0	0	3
CXCL12#687	0	0	0	0	0	0	0	0	0	0	0	0	0	0	0	0	0	0	0	0	0	0	0	0	0	0	0	0	0	0	3	4	0	0	0	0	0	0	4	0	0	2	0	0	0	0	0	0	0	0	0	0	0	4	0	4	0	4	0	0	0	5	0	0	0	3	0	0	0	0	0	0	0	0	0	0	0	0	0	0	0	0	0	0	3	3	0	3	0	3	3	0	0	0	0	0	0	0	0	0	0	2	0	0	0	0	0	0	2	0	0	0	2	2	2	2	0	3	0	0	0	0	0	3	0	0	0	0	0	0	0	0	0	0	0	0	0	2	2	2	0	2	0	0	0	0	0	0	0	2	0	0	0	0	0	0	0	0	0	0	0	0	0	0	0	0	0	0	0	0	3	0	0	4
GLI3#201	0	0	0	0	4	4	0	0	0	0	0	0	0	0	0	0	0	0	0	0	0	0	0	0	0	0	0	0	0	0	3	0	0	3	0	3	0	0	0	0	0	0	0	0	0	0	0	0	0	0	4	0	0	0	0	4	0	4	0	0	0	0	5	2	0	0	0	4	0	0	0	0	0	0	0	0	0	0	3	0	0	0	0	0	3	3	0	3	0	0	0	0	0	0	0	0	0	0	0	0	0	0	0	0	0	0	0	0	0	0	0	0	0	0	0	0	0	3	0	0	0	0	0	0	0	0	0	0	0	0	0	0	0	0	0	0	0	0	0	0	0	0	0	0	0	0	0	0	0	0	0	0	0	0	3	0	0	0	0	0	0	0	0	0	3	0	0	0	4	0	3	0	0	0
SMO#29	0	0	0	0	0	0	0	0	0	0	0	0	0	0	0	0	0	0	0	0	0	0	0	0	0	0	0	0	0	0	0	0	3	0	0	0	0	0	0	0	0	0	0	0	0	0	0	0	0	0	0	0	0	0	0	4	0	0	0	0	0	0	3	5	0	0	0	4	0	0	0	0	0	0	0	0	0	0	3	0	0	0	0	0	0	3	0	0	0	0	0	0	0	0	0	0	0	0	0	0	0	0	0	0	0	0	0	0	0	0	0	0	0	0	0	0	0	0	0	0	0	0	0	0	0	0	0	0	0	0	0	0	0	0	0	0	0	0	0	0	0	0	0	0	0	0	0	0	0	0	0	0	0	0	0	0	0	0	0	0	0	0	0	0	0	0	0	0	0	0	0	0	0	4
IGF2#409	0	0	0	0	0	4	0	0	0	0	0	0	0	0	0	0	0	0	0	0	0	4	0	0	0	0	0	0	0	0	0	4	0	0	0	0	0	0	0	0	0	2	0	0	0	4	0	0	0	0	4	0	0	4	0	4	0	4	0	0	0	0	0	0	5	0	0	4	4	2	0	0	0	0	0	0	0	4	0	4	0	4	0	0	0	3	0	0	0	0	0	0	0	0	2	0	0	0	0	0	0	2	0	0	2	0	0	0	0	0	0	0	2	0	2	2	0	0	0	2	0	0	0	0	0	0	0	0	0	0	0	0	0	0	0	0	0	0	0	0	0	0	0	0	0	0	0	0	0	0	0	0	2	0	0	0	0	0	0	0	0	0	4	4	0	0	0	0	4	2	0	0	0	4
IGF1#541	0	0	0	0	0	0	0	0	0	0	0	0	0	0	0	0	0	0	0	0	0	0	0	0	0	0	0	4	0	0	0	4	0	0	0	0	0	0	4	0	0	2	0	0	0	0	0	0	0	0	0	0	0	4	0	4	4	4	0	0	0	2	0	0	0	5	0	4	0	0	0	0	0	0	0	0	0	4	0	4	0	4	0	0	0	0	0	3	0	0	3	0	0	0	0	0	0	0	0	2	0	2	0	0	2	2	0	0	2	0	0	0	2	2	2	2	0	0	0	2	0	0	0	0	0	0	0	0	0	0	0	0	0	0	0	0	2	2	2	2	0	2	0	0	0	0	0	0	0	2	0	0	2	0	0	0	0	0	0	0	0	0	0	0	0	0	0	0	4	2	0	0	0	4
FGF7#741	0	0	0	0	0	4	0	0	0	0	0	0	0	0	0	0	0	0	0	0	0	0	0	0	0	4	0	0	0	0	0	0	0	0	0	0	0	0	0	0	0	2	0	0	0	0	0	0	0	0	0	0	0	4	0	4	4	4	0	0	0	0	0	0	0	0	5	0	0	0	0	0	0	0	0	0	0	4	0	4	0	0	0	0	0	0	0	0	0	0	0	0	2	0	2	0	0	0	0	2	0	2	0	0	2	0	0	0	2	0	0	0	2	0	2	0	0	0	0	0	0	0	0	0	0	0	0	2	0	0	0	0	0	0	0	0	2	2	2	2	0	2	0	0	0	0	0	0	0	2	0	0	2	0	0	0	2	0	0	0	2	0	4	4	0	0	4	0	4	2	0	0	0	4
ANGPT1#939	0	0	0	0	4	0	0	4	4	4	0	0	0	0	0	4	4	0	0	0	0	0	4	0	4	0	0	4	0	0	4	0	0	0	4	0	0	4	0	0	0	0	0	0	0	0	0	0	0	0	4	4	0	0	0	0	0	0	4	4	0	0	4	4	4	4	0	5	0	4	0	0	0	4	4	0	0	0	4	0	0	0	4	0	4	0	0	4	4	4	4	0	0	0	0	0	4	0	0	0	4	0	0	0	0	0	0	0	0	0	4	0	0	0	0	0	4	4	4	4	4	0	4	4	0	4	0	4	0	4	0	4	4	4	0	0	4	0	4	4	4	4	4	4	4	0	4	0	4	4	0	4	0	4	4	0	0	4	0	0	0	0	0	0	4	0	0	0	0	0	4	0	0	0
GRB2#049	0	0	0	0	0	3	0	0	0	0	0	2	0	0	0	4	4	0	0	4	0	4	0	0	0	0	0	0	0	0	0	0	0	0	0	4	0	0	0	0	0	0	0	0	0	3	0	4	0	0	3	0	0	0	0	3	0	3	0	0	0	0	0	0	4	0	0	0	5	4	0	2	0	0	0	0	0	0	0	0	0	3	0	0	4	4	0	4	0	0	4	0	0	0	0	0	0	0	0	0	0	0	0	0	0	0	3	2	0	0	0	0	0	0	0	0	0	4	0	0	0	0	4	0	0	0	0	0	0	0	4	0	0	0	0	0	0	0	0	0	0	0	0	0	0	0	0	0	0	0	0	0	0	0	0	0	0	0	0	0	0	0	0	0	4	4	4	0	0	0	0	0	0	4
EGFR#983	0	0	0	0	0	4	0	0	0	0	0	0	0	0	3	3	3	0	0	0	0	3	0	0	0	0	3	0	0	0	0	0	0	0	0	0	0	0	0	0	0	2	0	0	0	0	0	0	0	0	0	3	0	4	0	4	4	4	0	3	0	0	0	0	3	0	0	4	4	5	0	0	0	0	0	0	0	0	0	4	0	4	0	0	3	3	0	3	0	0	3	0	0	0	0	0	3	0	0	0	0	2	0	0	0	0	0	0	0	0	0	0	0	0	2	0	0	3	0	0	0	0	0	0	0	0	0	0	0	0	0	0	0	0	0	0	0	0	0	0	0	0	0	3	0	0	0	0	0	0	0	0	2	0	0	0	0	0	0	0	0	0	0	0	3	0	0	0	4	0	0	0	0	3
CSF1R#104	0	0	0	0	0	0	0	0	0	0	0	0	0	0	0	0	0	0	0	4	0	0	0	0	0	0	0	0	0	0	0	0	0	0	0	0	0	0	0	0	0	0	0	0	0	0	0	0	0	0	0	0	0	0	0	0	0	0	0	0	0	0	0	0	0	0	0	0	0	0	5	0	0	0	0	0	0	0	0	0	0	0	0	0	0	0	0	0	0	3	0	0	0	0	0	0	0	0	0	0	0	0	0	0	2	0	0	2	0	0	0	0	0	0	0	2	0	0	0	0	0	0	0	0	0	0	0	0	0	0	0	0	0	0	2	0	0	0	0	0	0	0	0	0	0	0	0	0	0	0	0	0	0	0	0	0	0	0	0	0	0	0	0	0	0	0	0	0	0	0	0	0	0	4
CD47#075	0	0	0	0	0	3	0	0	0	0	0	0	0	0	3	0	0	0	0	0	0	0	0	0	0	0	0	0	0	0	3	4	0	3	0	0	0	0	0	0	0	0	0	0	0	3	0	0	0	0	3	0	0	0	0	3	0	3	0	3	3	0	0	0	0	0	0	0	3	0	0	5	0	0	0	0	0	0	0	3	0	3	0	0	0	0	0	0	0	3	0	3	0	0	0	1	0	0	0	0	0	0	0	0	0	0	3	0	0	0	0	0	0	0	0	0	0	0	0	0	0	0	0	0	0	0	3	0	0	0	3	3	3	0	0	0	0	0	0	0	0	0	0	0	0	0	0	0	0	0	0	0	0	0	0	0	0	0	0	0	0	0	3	3	0	0	0	0	3	0	0	0	0	3
BMPR1B#975	0	0	0	0	4	4	0	0	0	0	0	0	0	0	0	4	0	0	0	4	0	0	0	0	0	4	0	0	0	0	0	3	0	0	0	0	0	0	0	0	0	0	0	0	0	4	0	0	0	0	4	0	0	4	0	4	4	4	0	0	0	0	0	0	0	0	0	0	0	0	0	0	5	0	0	0	0	4	0	4	0	0	0	0	0	4	0	0	0	0	4	4	0	0	0	0	0	4	0	2	0	0	0	0	0	0	0	0	0	0	0	0	0	0	0	0	0	0	0	0	0	0	0	0	0	0	0	0	0	0	4	0	0	0	0	0	0	0	0	0	0	0	0	0	0	0	0	0	0	0	0	0	2	0	0	2	0	0	0	0	0	0	0	0	0	0	0	0	4	0	0	0	0	3
NOTCH3#238	0	0	0	0	0	4	0	0	0	0	0	0	0	0	0	0	0	0	0	0	0	0	0	0	0	0	0	0	0	0	3	0	0	3	0	0	0	0	0	0	0	2	0	0	0	0	0	0	0	0	4	0	0	4	0	4	4	4	0	0	0	0	0	0	0	0	0	4	0	0	0	0	0	5	0	0	0	0	0	4	0	0	0	0	3	3	0	3	0	0	0	0	0	0	0	0	0	0	0	2	0	2	0	0	0	0	0	2	0	0	0	0	0	2	2	0	0	3	0	0	3	0	0	3	0	3	0	0	0	0	0	0	0	0	0	0	0	0	0	0	0	0	0	0	0	0	0	0	0	0	0	0	2	0	0	0	0	0	0	0	0	0	0	0	0	0	0	0	4	0	3	0	0	0
LRP5#468	0	0	0	0	0	4	0	0	0	0	0	0	0	0	0	3	0	0	0	4	0	4	0	0	3	0	0	0	4	0	0	4	0	0	0	0	0	0	4	0	0	2	0	0	0	0	0	0	0	0	0	0	0	0	0	4	4	4	0	3	0	0	0	0	0	0	0	4	0	0	0	0	0	0	5	0	0	0	0	4	0	4	2	0	0	0	0	0	0	0	0	0	0	0	0	0	0	0	0	2	0	2	2	0	0	0	0	2	0	0	0	0	0	0	2	0	0	0	0	0	0	0	0	0	0	0	0	0	0	0	0	0	0	0	0	0	0	0	0	0	0	0	0	0	0	0	0	0	0	0	0	0	2	0	0	0	0	0	0	0	0	0	0	0	0	0	0	0	0	0	0	0	0	0
KDR#934	0	0	0	0	0	4	0	0	0	0	0	0	0	0	0	0	0	0	0	0	0	0	0	0	0	0	0	0	0	0	0	4	0	0	0	0	0	0	0	0	0	2	0	0	0	0	0	0	0	0	0	0	0	4	0	4	4	4	0	0	0	0	0	0	0	0	0	0	0	0	0	0	0	0	0	5	0	4	0	4	0	4	0	0	0	0	0	0	0	0	0	0	0	0	2	0	0	0	0	2	0	2	2	0	2	0	0	0	2	0	0	0	2	2	2	2	0	0	0	0	0	0	0	0	0	0	0	0	0	5	0	0	0	0	2	0	2	2	2	0	0	2	0	0	2	0	0	0	2	2	0	0	2	0	0	0	2	0	0	0	0	0	4	4	0	0	0	0	4	2	0	0	0	4
ATF2#984	0	0	0	0	0	0	0	0	0	0	0	0	0	0	0	0	0	0	0	0	0	0	0	0	0	0	0	0	0	0	0	0	0	0	0	0	0	0	0	3	0	0	0	0	0	0	0	0	0	0	0	0	0	0	0	0	0	0	0	0	0	0	0	0	0	0	0	0	0	0	0	0	0	0	0	0	5	0	0	0	0	0	0	0	0	0	0	0	0	0	0	0	0	0	0	0	0	0	0	0	0	0	0	0	0	0	0	0	0	0	0	0	0	0	0	0	0	0	0	0	0	0	0	0	0	0	0	0	0	0	0	0	0	0	0	0	0	0	0	0	0	0	0	0	0	0	0	0	0	0	0	0	0	0	0	0	0	0	0	0	0	0	0	0	0	0	0	0	0	0	0	0	0	0
RUNX1#129	0	0	0	0	0	0	4	0	4	4	0	0	0	0	4	4	4	0	0	0	0	4	0	0	0	0	4	4	4	4	0	4	4	0	0	0	0	0	4	4	4	0	0	0	0	0	0	0	0	0	0	0	0	3	0	0	0	0	0	0	0	0	0	0	4	4	4	0	0	0	0	0	4	0	0	4	0	5	0	0	4	0	0	0	4	4	0	4	0	4	4	0	0	0	0	0	0	0	0	0	0	0	0	0	0	0	0	0	0	0	0	4	0	0	0	0	4	4	0	0	0	0	4	4	4	0	0	0	0	4	0	0	0	0	0	0	0	0	0	0	0	0	4	0	0	0	0	0	0	0	0	0	0	0	0	0	0	0	0	0	0	0	0	0	4	4	0	0	3	0	0	0	0	0
PRRX2#729	0	0	0	0	0	0	0	0	0	0	0	0	0	0	0	0	0	0	0	0	0	0	0	0	0	0	0	0	4	0	3	4	0	0	0	3	0	0	4	0	0	0	0	0	0	0	0	0	0	0	0	0	0	4	0	4	0	0	0	0	0	0	2	2	0	0	0	4	0	0	0	0	0	0	0	0	0	0	5	4	0	0	0	0	0	0	0	0	0	0	0	0	0	0	0	0	0	0	0	0	0	0	0	0	0	0	0	0	0	0	0	0	0	0	0	0	0	0	0	0	0	0	0	0	0	0	0	0	0	0	4	0	0	0	0	0	0	0	0	0	0	0	0	0	0	0	0	0	0	0	0	0	0	0	0	0	0	0	0	0	0	0	0	0	0	0	0	0	0	0	0	0	0	0
FBXO7#178	0	0	0	0	0	0	4	4	4	4	0	2	0	4	4	4	4	0	0	4	4	4	4	4	4	0	4	4	0	4	4	4	4	4	4	0	0	4	4	4	4	0	0	4	0	0	0	4	0	0	0	4	4	0	4	0	0	0	4	4	4	0	0	0	4	4	4	0	0	4	0	2	4	4	4	4	0	0	4	5	0	2	0	2	4	4	0	4	0	4	4	0	4	0	0	0	4	0	0	0	4	0	0	0	2	0	0	2	4	0	4	4	4	0	0	2	4	4	4	4	4	4	4	4	4	4	0	4	0	4	4	0	0	4	2	4	4	4	4	4	4	4	4	4	4	4	4	4	4	4	0	4	4	4	4	0	4	4	2	0	4	0	0	0	4	4	0	0	0	4	4	0	0	4
CPEB1#578	0	0	0	0	4	4	0	0	0	0	0	0	0	0	4	4	0	0	0	4	0	0	0	0	4	0	4	3	0	0	4	3	0	4	0	0	0	0	3	4	4	0	0	0	4	4	4	4	0	4	0	4	0	4	0	4	4	4	0	4	4	0	0	0	0	0	0	0	0	0	0	0	0	0	0	0	0	4	0	0	5	4	0	0	0	4	0	0	0	4	4	4	0	0	2	2	0	4	0	2	0	0	0	0	0	0	4	0	0	0	0	0	0	0	0	0	0	0	0	0	0	0	0	0	0	0	0	0	0	0	4	4	0	0	0	0	0	0	0	0	0	0	0	0	0	0	4	0	0	0	0	0	0	0	0	2	0	0	0	0	0	0	4	4	4	4	0	0	4	0	0	0	0	0
FAM104A#319	0	0	0	0	0	0	4	0	4	4	0	0	0	4	4	4	4	0	0	4	4	4	0	0	4	0	4	4	4	4	4	4	0	0	0	0	4	4	4	0	0	0	0	0	0	0	0	0	0	0	0	0	0	0	4	3	0	3	0	4	0	0	0	0	4	4	0	0	2	4	0	2	0	0	4	4	0	0	0	3	4	5	0	0	4	4	0	4	0	4	4	0	0	0	0	0	4	0	0	0	0	0	0	0	0	0	0	0	0	0	0	0	0	0	0	0	4	4	0	0	0	4	4	4	4	4	0	0	0	4	4	0	0	0	0	0	4	0	0	0	4	0	4	4	0	0	4	0	4	0	0	0	0	0	0	0	0	0	0	0	0	0	0	0	0	0	0	0	0	0	4	0	0	4
RRBP1#204	0	0	0	0	0	0	0	0	0	0	0	0	0	0	3	3	0	0	0	4	0	0	0	0	3	0	3	0	0	0	3	4	0	3	0	0	0	0	4	3	0	0	0	3	0	0	0	0	0	0	0	0	0	4	0	4	4	4	3	3	0	0	0	0	0	0	0	4	0	0	0	0	0	0	3	0	0	0	0	0	0	0	5	0	0	0	0	0	0	0	3	0	0	0	0	0	3	0	0	2	0	2	2	2	0	0	0	2	0	0	0	0	0	0	2	0	0	3	0	0	0	3	0	3	0	0	0	0	0	0	0	0	0	3	0	0	0	0	0	0	3	0	3	0	0	0	0	0	0	0	0	0	0	0	0	0	0	0	0	0	0	0	0	0	0	0	0	0	0	0	3	0	0	3
FTH1#748	0	0	0	0	3	0	0	0	0	0	0	0	0	0	0	0	0	0	0	0	0	0	0	0	0	0	0	0	0	0	3	0	0	0	0	0	0	0	0	3	0	0	0	0	3	0	0	0	0	0	0	0	0	0	0	3	3	3	3	3	0	0	0	0	0	0	0	0	0	0	0	0	0	0	0	0	0	0	0	3	0	0	0	5	0	0	0	0	0	0	3	0	0	0	0	0	3	0	0	0	0	0	0	0	0	0	0	0	0	0	0	0	0	0	0	0	0	0	0	0	0	0	0	3	0	0	0	0	0	0	0	3	0	0	0	0	0	0	0	0	0	0	0	0	0	0	0	0	0	0	0	0	0	0	0	0	0	0	0	0	0	0	0	0	0	0	0	0	0	0	3	0	0	3
PRELP#223	0	0	0	0	0	4	0	0	0	0	4	0	0	0	0	0	0	0	0	0	0	0	0	0	0	0	0	0	0	0	0	0	0	0	0	0	0	2	0	0	0	2	0	0	0	4	0	0	0	0	4	0	0	4	2	4	0	4	0	0	0	2	2	0	0	0	0	4	4	2	0	0	0	2	0	0	0	4	0	4	0	4	0	0	5	0	0	3	0	0	0	0	0	0	2	2	0	0	0	2	0	2	0	0	2	2	0	0	2	0	0	0	2	2	2	2	0	0	0	2	0	0	0	0	0	2	0	2	0	0	0	0	0	0	2	2	2	2	2	2	0	2	0	2	2	2	0	0	2	2	0	0	2	0	2	0	0	2	0	0	2	0	4	4	0	0	0	4	4	2	0	0	0	4
ACTA1#872	0	0	0	0	4	4	0	0	4	0	4	4	0	4	4	4	0	0	0	0	0	4	0	0	4	0	0	0	4	4	0	4	0	0	4	0	0	0	0	0	0	2	0	4	4	4	4	0	0	0	4	0	4	4	0	4	0	4	4	4	4	2	2	2	2	0	0	0	4	2	0	0	4	2	0	0	0	4	0	4	4	4	0	0	0	5	0	0	0	4	0	0	0	0	2	2	4	0	0	0	0	2	0	0	0	2	4	0	2	0	4	0	2	0	0	0	0	0	4	2	0	0	0	0	0	0	4	2	0	2	4	4	4	0	0	2	2	2	2	2	0	2	0	2	0	0	2	0	0	2	2	0	2	0	0	0	0	0	4	2	0	0	4	4	0	0	0	4	4	0	0	0	2	4
GLI2#537	0	0	0	0	4	4	0	0	0	0	0	0	0	0	0	0	0	0	0	0	0	0	0	0	0	0	0	0	0	0	0	4	0	0	0	3	0	0	0	0	0	0	0	0	0	0	0	0	0	0	4	0	0	4	0	4	0	0	0	0	0	0	0	0	0	0	0	0	0	0	0	0	0	0	0	0	0	0	0	0	0	0	0	0	0	0	5	0	0	0	4	0	0	0	0	2	0	0	0	0	0	0	0	0	0	0	0	0	0	0	0	0	0	0	0	0	0	0	0	0	0	0	0	0	0	0	0	0	0	0	0	0	0	0	0	0	0	0	0	0	0	0	0	0	0	0	0	0	0	0	0	0	0	0	0	0	0	0	0	0	0	0	0	0	0	0	0	0	4	0	0	0	0	0
TNXA#093	0	0	0	0	0	4	0	0	4	0	4	0	0	0	0	4	0	0	0	0	0	0	0	0	0	0	0	4	4	0	0	4	0	4	0	0	0	2	4	4	0	2	0	0	0	4	0	0	0	0	4	0	0	4	0	4	0	4	0	0	0	2	2	0	0	2	0	4	4	2	0	0	0	2	0	0	0	4	0	4	0	4	0	0	2	0	0	5	2	0	0	0	0	0	2	2	0	0	0	0	0	2	0	2	2	2	0	0	2	2	0	0	2	2	2	2	0	0	0	2	0	0	0	0	0	2	0	2	0	2	4	0	0	0	0	2	2	2	2	2	2	2	0	2	2	2	2	0	2	2	2	0	2	2	0	0	2	2	0	0	2	0	4	4	0	0	0	4	4	2	0	0	0	4
CLDN5#482	0	0	0	0	0	0	0	0	0	0	4	0	0	0	0	0	0	0	0	0	0	0	0	0	0	0	0	0	0	0	0	3	4	0	0	0	0	0	0	4	0	0	0	0	0	0	0	0	0	0	0	0	0	4	0	0	0	0	0	0	0	0	0	0	0	0	0	4	0	0	0	0	0	0	0	0	0	0	0	0	0	0	0	0	0	0	0	3	5	0	0	0	0	0	0	0	0	0	0	0	0	0	0	0	0	0	0	0	0	0	0	0	0	0	0	0	0	0	0	0	0	0	0	0	0	0	0	0	0	0	4	0	0	0	0	0	0	0	0	0	0	0	0	0	0	0	0	0	0	0	0	0	0	0	0	0	0	0	0	0	0	0	0	0	0	4	0	4	4	0	0	0	0	4
CCL19#072	0	0	0	0	0	0	0	0	4	0	0	0	4	0	0	0	0	0	0	4	0	0	0	0	0	4	0	4	4	0	0	4	4	0	0	4	4	2	4	0	0	2	0	0	0	0	0	0	0	0	0	0	0	4	2	4	4	4	0	0	0	2	0	0	0	0	0	4	0	0	2	2	0	0	0	0	0	4	0	4	4	4	0	0	0	4	0	0	0	5	0	0	0	0	0	0	0	0	0	2	0	2	2	2	2	2	0	2	2	2	0	0	2	2	2	2	2	0	0	2	0	2	0	0	0	2	0	2	0	2	4	4	0	2	2	2	2	2	2	2	2	2	0	0	0	0	0	2	2	2	0	0	0	2	0	0	2	0	2	0	2	0	0	0	0	0	4	0	4	2	0	0	0	4
LBP#461	2	0	0	0	0	4	0	2	0	0	4	0	4	0	4	4	4	0	0	0	4	4	0	0	0	0	4	4	4	0	0	4	4	0	0	0	4	0	4	0	0	2	0	0	2	4	0	0	0	0	4	4	4	4	2	4	4	4	0	4	0	2	0	0	0	2	0	4	4	2	0	0	4	0	0	0	0	4	0	4	4	4	2	2	0	0	4	0	0	0	5	0	0	2	2	2	0	4	0	0	0	2	2	0	2	0	0	0	2	2	4	0	2	2	2	2	0	0	0	2	0	2	4	0	0	0	0	0	0	0	4	0	0	0	2	0	2	0	2	0	0	0	0	0	2	0	0	0	0	0	0	0	0	0	0	0	0	0	0	2	2	0	0	0	4	0	4	4	4	2	0	0	4	0
RIPK3#139	0	0	0	0	0	0	4	0	4	4	0	0	4	0	0	3	0	0	0	0	0	4	0	0	0	0	0	4	4	4	0	4	4	0	0	0	0	0	4	4	0	0	0	0	0	0	0	0	0	0	0	0	0	0	0	3	0	3	0	0	0	0	0	0	0	0	0	0	0	0	0	2	4	0	0	0	0	0	0	0	4	0	0	0	0	0	0	0	0	0	0	5	0	0	0	0	0	3	0	0	0	0	2	0	2	0	3	0	0	0	0	0	0	0	0	0	0	0	0	0	0	0	4	0	0	0	0	0	0	0	0	0	0	0	0	0	0	0	0	0	0	0	0	0	0	0	0	0	0	0	0	0	0	0	0	0	0	0	2	0	0	0	0	0	0	0	0	0	0	0	0	0	0	0
HECTD2#568	0	0	0	0	0	0	0	0	0	0	0	0	0	0	0	4	3	0	0	0	0	0	0	0	0	0	0	0	3	3	3	3	0	0	0	0	0	0	0	3	0	0	0	0	0	0	0	0	0	0	0	0	0	0	0	4	4	4	0	0	0	0	0	0	0	0	3	0	0	0	0	0	0	0	0	0	0	0	0	4	0	0	0	0	0	0	0	0	0	0	0	0	5	0	0	0	0	4	0	2	0	0	0	0	0	0	0	0	0	0	0	0	0	0	0	0	0	3	0	0	0	0	0	0	0	0	0	0	0	0	0	0	0	0	0	0	0	0	0	0	0	0	0	0	0	0	0	0	0	0	0	0	2	0	0	2	0	0	0	0	0	0	0	0	0	0	0	0	0	0	3	0	0	3
BACE1#462	0	0	0	0	0	4	0	0	3	0	0	0	0	0	0	0	0	0	0	0	0	3	0	0	0	0	0	3	3	3	0	3	0	0	0	0	0	0	3	0	0	0	0	0	0	0	0	0	0	0	4	0	0	4	0	4	4	4	0	0	0	0	0	0	0	0	0	0	0	0	0	0	0	0	0	0	0	0	0	0	0	0	0	0	0	0	0	0	0	0	3	0	0	5	0	0	0	0	0	0	0	0	0	0	0	0	0	0	0	0	0	0	0	0	0	0	0	3	0	0	0	0	3	0	0	0	0	0	0	0	4	0	0	0	0	0	0	0	0	0	0	0	0	0	0	0	0	0	0	0	0	0	0	0	0	0	0	0	0	0	0	0	0	0	0	0	0	0	0	0	0	0	0	4
DIP2C#504	0	0	0	0	0	4	3	0	0	3	0	0	0	3	0	0	3	0	0	0	0	3	0	0	0	0	0	3	3	3	3	3	0	0	3	0	0	0	3	0	0	0	0	0	0	4	0	0	0	0	0	0	0	4	0	4	0	4	0	0	0	0	0	0	3	0	3	0	0	0	0	0	0	0	0	3	0	0	0	0	3	0	0	0	3	3	0	3	0	0	3	0	0	0	5	0	0	0	0	0	0	0	0	0	0	0	0	0	0	0	0	0	0	0	0	0	0	3	0	0	3	0	3	3	3	3	0	0	0	3	0	0	0	0	0	0	0	0	0	0	3	0	0	3	3	0	3	0	0	0	0	0	0	0	3	0	0	0	0	0	0	0	0	0	0	0	0	0	4	0	3	0	0	0
ITSN1#776	0	0	0	0	0	4	3	0	3	3	0	0	0	3	0	0	3	0	0	0	0	3	0	0	0	0	0	3	3	3	3	3	3	0	0	0	0	0	3	3	0	0	0	3	0	0	0	0	0	0	0	0	0	4	0	4	0	4	0	0	0	0	0	0	0	0	0	0	0	0	0	1	0	0	0	0	0	0	0	0	3	0	0	0	3	3	3	3	0	0	3	0	0	0	0	5	0	0	0	0	0	0	0	0	0	0	0	0	0	0	0	0	0	0	0	0	0	3	0	0	0	0	3	0	3	0	0	0	0	0	0	0	0	0	0	0	0	0	0	0	0	0	0	0	0	0	0	0	0	0	0	0	0	0	3	0	0	0	0	0	0	0	0	0	0	0	0	0	4	0	3	0	0	0
OSMR#729	0	0	0	0	0	4	0	0	0	0	0	0	0	0	0	4	0	4	0	4	0	0	0	0	0	0	0	4	4	0	0	4	0	0	0	0	4	0	4	0	0	2	0	0	0	0	0	0	0	0	4	0	4	4	0	4	4	4	0	0	0	0	0	0	0	0	0	4	0	2	0	0	0	0	0	0	0	0	0	4	0	4	2	2	0	4	0	0	0	0	0	0	0	0	0	0	5	4	0	2	0	2	2	2	2	2	0	2	0	0	0	0	0	2	2	0	0	0	0	0	0	0	0	0	0	0	0	0	0	0	4	0	0	0	2	0	0	0	0	0	0	0	0	0	0	0	0	0	0	0	0	0	2	0	0	2	2	0	0	0	0	0	0	0	0	0	4	0	4	2	0	0	0	4
B3GNT8#338	0	0	0	0	0	0	4	0	4	4	0	0	0	0	0	0	4	0	0	0	0	4	0	0	0	0	0	4	4	4	4	4	4	0	0	0	0	0	4	4	0	0	0	4	0	0	0	0	0	0	0	0	0	0	0	0	3	3	0	0	0	0	0	0	0	0	0	0	0	0	0	0	4	0	0	0	0	0	0	0	4	0	0	0	0	0	0	0	0	0	4	2	4	0	0	0	4	5	0	0	0	0	0	0	0	0	0	0	0	0	0	0	0	0	0	0	0	4	0	0	0	0	0	4	0	0	0	0	0	0	0	0	0	0	0	0	0	0	0	0	0	0	0	0	0	0	0	0	0	0	0	0	0	0	0	0	0	0	0	2	0	0	0	0	0	4	0	0	0	0	4	0	0	4
DDIT4#887	0	0	0	0	0	0	0	0	0	0	0	0	0	0	0	0	0	0	0	0	0	0	0	0	0	0	0	0	0	0	0	0	0	0	0	0	0	0	0	0	0	0	0	0	0	0	0	0	0	0	0	0	0	0	0	0	0	0	0	0	0	0	0	0	0	0	0	0	0	0	0	0	0	0	0	0	0	0	0	0	0	0	0	0	0	0	0	0	0	0	0	0	0	0	0	0	0	0	5	0	0	0	0	0	0	0	0	0	0	0	0	0	0	0	0	0	0	0	0	0	0	0	0	0	0	0	0	0	0	0	0	0	0	0	0	0	0	0	0	0	0	0	0	0	0	0	0	0	0	0	0	0	0	0	0	0	0	0	0	0	0	0	0	0	0	0	0	0	0	0	0	0	0	3
CALM2#243	3	3	0	0	0	0	0	3	3	3	3	0	0	0	3	3	3	0	0	0	0	3	3	3	3	0	3	3	3	3	3	3	3	0	3	0	0	3	3	3	3	0	0	3	0	0	0	0	3	0	0	3	0	0	3	0	0	0	3	3	3	0	0	0	0	3	3	0	0	0	0	0	3	3	3	3	0	0	0	0	3	0	3	0	3	0	0	0	0	3	0	0	3	0	0	0	3	0	0	5	0	0	0	0	0	0	0	0	0	0	3	0	0	0	0	0	0	3	3	0	3	3	3	3	3	0	0	0	0	0	0	3	0	3	0	3	3	0	0	0	3	0	3	0	3	3	3	3	3	0	0	3	0	0	0	3	0	3	0	0	0	0	0	0	3	0	0	0	0	0	3	0	0	3
CTHRC1#681	0	0	0	0	0	0	0	0	0	0	0	0	0	0	0	0	0	0	0	0	0	0	0	0	0	0	0	0	0	0	3	4	0	3	3	0	0	0	0	0	0	0	0	0	0	0	0	0	0	0	0	0	0	0	0	4	4	4	0	0	0	0	0	0	0	0	0	4	0	0	0	0	0	0	0	0	0	0	0	4	0	0	0	0	0	0	0	0	0	0	0	0	0	0	0	0	0	0	0	0	5	2	2	2	2	0	0	0	0	0	0	0	2	0	2	0	0	3	0	0	0	0	0	3	0	0	0	0	0	0	0	0	0	3	0	0	0	0	0	0	3	0	0	0	0	0	0	0	0	0	0	0	0	0	0	0	0	0	0	0	0	0	0	0	0	0	0	0	0	2	0	0	0	4
LAPTM4A#673	0	0	0	0	3	0	0	0	0	0	0	0	3	3	3	3	0	0	0	0	0	0	3	0	3	0	3	0	0	0	3	4	3	3	3	0	0	3	0	3	3	0	0	3	0	0	0	3	0	0	0	3	0	0	0	0	0	0	3	3	0	3	0	0	3	3	3	0	0	3	0	0	0	3	3	3	0	0	0	0	0	0	3	0	3	3	0	3	0	3	3	0	0	0	0	0	3	0	0	0	3	5	0	0	0	0	0	0	3	0	3	3	0	0	0	0	0	3	3	0	3	3	0	3	0	3	0	3	0	3	3	0	0	3	0	3	3	3	3	3	3	3	3	3	3	3	3	3	3	3	0	3	0	3	0	0	3	3	0	0	3	0	0	0	3	3	0	0	0	3	3	0	0	3
MYL6#082	0	0	0	0	3	3	0	0	0	0	3	0	0	0	3	3	0	0	0	0	0	0	3	0	3	0	3	0	0	0	3	4	0	3	3	0	0	3	0	3	3	0	0	3	3	0	3	0	0	0	0	3	0	0	0	3	0	0	3	3	3	0	0	0	0	0	0	0	0	0	0	0	0	0	3	3	0	0	0	0	0	0	3	0	0	0	0	0	0	3	3	3	0	0	0	0	3	0	0	0	3	0	5	3	0	0	3	0	0	0	3	0	0	0	0	0	0	3	3	0	3	3	0	3	0	0	0	0	0	0	3	3	3	3	0	0	0	0	0	0	3	0	3	0	0	3	0	3	3	0	0	3	0	0	0	0	0	3	0	0	0	0	3	3	3	0	0	3	3	0	3	0	0	0
ANXA2#590	0	0	0	0	0	0	0	0	0	0	0	0	0	3	3	3	0	0	0	0	0	0	3	0	3	0	3	0	0	0	3	4	0	3	3	0	0	3	0	3	3	0	0	3	0	0	0	0	0	0	0	3	0	0	0	0	0	0	3	3	0	0	0	0	0	0	0	0	0	0	0	0	0	0	0	0	0	0	0	0	0	0	3	0	0	0	0	3	0	3	0	0	0	0	0	0	3	0	0	0	3	0	2	5	0	0	0	0	3	0	3	0	0	0	2	0	0	3	0	0	3	3	0	3	0	3	0	0	0	0	0	0	0	3	0	3	3	3	3	3	3	3	3	3	3	3	3	3	3	0	0	3	0	3	0	0	3	3	0	0	0	0	0	0	3	3	0	0	0	0	3	0	0	3
B2M#891	0	0	0	0	3	3	0	0	0	0	0	0	0	0	3	3	0	0	0	0	0	0	0	0	0	0	3	0	0	0	3	0	0	3	0	0	0	3	0	0	0	0	0	3	3	3	3	0	0	3	3	0	0	0	3	3	3	0	3	3	3	0	0	0	3	3	3	0	0	0	3	0	0	0	0	3	0	0	0	3	0	0	0	0	3	0	0	3	0	3	3	3	0	0	0	0	3	0	0	0	3	0	0	0	5	0	3	0	0	3	0	0	0	0	0	0	0	3	0	0	3	0	0	3	0	3	3	3	3	3	3	0	3	3	0	3	3	3	3	3	3	3	0	3	3	0	3	3	0	3	0	0	0	3	0	0	0	0	3	0	0	0	0	0	0	0	0	0	0	0	3	0	0	0
LGALS1#105	0	0	0	0	0	0	0	0	0	0	0	0	0	0	0	0	0	0	0	3	0	0	0	0	0	0	0	0	0	0	3	0	0	3	3	0	0	0	0	0	0	0	0	0	0	0	0	0	0	0	0	0	0	0	0	0	0	0	0	0	0	0	0	0	0	3	0	0	0	0	0	0	0	0	0	0	0	0	0	0	0	0	0	0	3	3	0	3	0	3	0	0	0	0	0	0	3	0	0	0	0	0	0	0	0	5	0	0	0	0	0	0	0	0	0	0	0	3	0	0	0	0	0	3	0	3	0	0	0	3	0	0	0	3	0	3	0	0	0	0	3	0	3	3	0	0	0	0	3	0	0	0	0	0	0	0	0	3	0	0	0	0	0	0	0	0	0	0	0	0	3	0	0	4
CD86#895	0	0	0	0	0	0	0	0	4	0	0	2	4	0	0	4	0	0	0	4	0	4	0	0	0	0	4	4	4	4	0	4	4	0	0	0	4	0	4	0	0	0	0	0	0	2	0	4	0	0	0	0	0	0	0	0	0	0	0	0	0	0	0	0	0	0	0	0	2	0	0	2	0	0	0	0	0	0	0	0	4	0	0	0	0	4	0	0	0	0	0	2	0	0	0	0	0	0	0	0	0	0	2	0	2	0	5	2	0	0	0	4	0	0	0	0	0	0	0	0	0	0	4	0	0	0	0	0	0	0	4	0	0	0	2	0	0	0	0	0	0	0	0	0	0	0	0	0	0	0	0	0	0	0	0	0	0	0	2	0	0	2	0	0	4	0	0	0	0	0	0	0	0	4
ACTB#594	0	0	0	0	0	0	0	0	0	0	3	0	0	0	3	3	0	0	0	0	0	0	3	0	3	0	3	0	0	0	3	0	0	0	3	0	0	0	0	0	0	0	0	3	3	0	0	0	0	0	3	3	0	0	0	3	0	0	3	3	3	0	0	0	0	0	0	0	3	0	3	0	0	3	3	0	0	0	0	3	0	0	3	0	0	0	0	0	0	3	0	0	0	0	0	0	3	0	0	0	0	0	0	0	0	0	3	5	0	0	3	0	0	0	0	0	0	3	3	0	3	3	0	3	3	0	0	0	3	0	0	3	3	3	0	3	0	0	0	0	3	0	3	0	0	0	0	0	3	0	0	3	0	0	0	0	0	3	0	0	0	0	0	0	3	0	0	0	0	0	3	0	0	0
COL1A1#499	0	0	0	0	0	0	0	0	0	0	0	0	0	3	0	3	0	0	0	0	0	0	0	0	0	0	3	0	0	0	3	4	0	3	3	0	0	3	0	0	0	2	0	0	0	0	0	0	0	0	0	0	0	4	0	4	0	4	0	0	0	3	0	0	0	3	3	0	0	0	0	0	0	0	0	3	0	0	0	4	0	0	0	0	3	3	0	3	0	3	3	0	0	0	0	0	0	0	0	0	0	2	0	2	0	0	0	0	5	0	0	0	2	0	2	0	0	3	0	0	3	3	0	3	0	3	0	3	0	3	0	0	0	3	0	3	3	3	3	3	3	3	0	3	3	3	3	3	3	3	0	0	2	3	0	0	0	3	0	0	0	0	0	0	3	3	0	0	0	0	3	0	0	0
CD99#029	0	0	0	0	3	0	0	0	0	0	0	0	0	0	0	0	0	0	0	0	0	0	0	0	0	0	0	0	0	0	3	4	0	3	0	0	0	3	0	0	0	0	0	3	0	0	0	0	0	0	0	0	0	0	0	3	0	0	0	0	0	0	0	0	0	0	0	0	0	0	0	0	0	0	0	0	0	0	0	0	0	0	0	0	0	0	0	3	0	3	3	0	0	0	0	0	0	0	0	0	0	0	0	0	2	0	0	0	0	5	0	0	0	0	0	0	0	3	0	0	3	0	0	3	0	3	0	0	0	0	0	0	0	3	0	3	0	0	0	0	3	0	0	3	0	0	0	0	0	0	0	0	0	3	0	0	0	0	0	0	0	0	0	0	0	0	0	0	0	0	3	0	0	0
SLITRK6#481	0	0	0	0	4	4	0	0	0	0	0	0	0	0	0	0	0	0	0	4	0	0	0	0	0	0	0	4	4	0	0	4	0	0	0	4	0	0	4	0	0	2	0	0	0	0	0	0	0	0	0	0	0	4	0	4	4	4	0	0	0	0	0	0	0	0	0	4	0	0	0	0	0	0	0	0	0	0	0	4	0	0	0	0	0	4	0	0	0	0	4	0	0	0	0	0	0	0	0	2	0	2	2	2	0	0	0	2	0	0	5	0	0	0	2	2	0	0	0	0	0	0	0	0	0	0	0	0	0	0	0	0	0	0	0	0	0	0	0	0	0	0	0	0	0	0	0	0	0	0	0	0	2	0	0	0	2	0	0	0	0	0	0	0	0	0	0	0	4	0	0	0	0	3
LHX8#469	0	0	4	0	4	4	0	0	0	4	0	0	0	0	0	4	0	0	0	0	0	4	0	0	4	4	0	0	0	0	0	4	0	0	0	0	4	0	0	0	0	2	0	0	4	4	4	4	0	0	4	0	0	0	0	4	4	4	0	4	0	0	0	0	0	0	0	0	0	0	0	0	0	0	0	0	0	4	0	4	0	0	0	0	0	0	0	0	0	0	0	0	0	0	0	0	0	0	0	0	0	2	0	0	0	0	4	0	0	0	0	5	0	0	2	0	0	0	0	0	0	0	0	0	0	0	0	0	0	0	4	0	0	0	0	0	0	0	0	0	0	0	0	0	0	0	0	0	0	0	0	0	2	0	0	0	0	0	4	4	0	0	4	4	0	0	0	0	4	0	4	0	0	0
COL6A1#428	0	0	0	0	0	0	3	0	0	0	0	0	0	3	0	3	3	0	0	0	0	0	0	0	0	0	3	3	0	3	3	3	0	3	3	0	0	3	3	0	0	0	0	0	0	0	0	0	0	0	0	0	0	4	3	4	0	4	0	0	0	3	0	0	3	3	3	0	0	0	0	0	0	0	0	3	0	0	0	4	0	0	0	0	3	3	0	3	0	3	3	0	0	0	0	0	0	0	0	0	3	0	0	0	0	0	0	0	3	0	0	0	5	0	0	0	3	3	0	0	3	3	3	3	3	3	0	3	0	3	0	0	0	3	0	3	3	3	3	3	3	3	3	3	3	3	3	3	3	3	0	0	0	3	3	0	0	3	0	0	0	0	0	0	0	0	0	0	4	0	3	0	0	4
IFITM3#203	0	0	0	0	3	0	0	0	0	0	0	0	0	0	0	3	0	0	0	0	0	0	0	0	0	0	3	0	0	0	3	0	0	3	3	0	0	3	0	0	0	0	0	0	0	0	0	0	0	0	0	0	0	0	0	0	0	3	0	3	0	3	0	0	0	3	0	0	0	0	0	0	0	3	0	3	0	0	0	0	0	0	0	0	3	0	0	3	0	3	3	0	0	0	0	0	3	0	0	0	0	0	0	0	0	0	0	0	0	0	0	0	0	5	0	0	0	3	0	0	3	3	0	3	0	3	0	0	0	3	3	3	0	3	0	3	3	0	0	3	3	3	3	3	3	3	3	3	3	3	0	0	0	0	0	0	0	3	0	0	0	0	0	0	3	0	0	0	0	0	3	0	0	0
ANXA5#782	0	0	0	0	3	0	0	0	0	0	0	0	0	3	3	3	0	0	0	0	0	0	3	0	3	0	3	0	0	0	3	0	3	3	3	0	0	3	0	3	3	0	0	3	0	0	0	0	3	0	0	3	0	0	3	0	0	0	3	3	3	3	0	0	3	3	3	0	0	3	0	0	0	3	3	3	0	0	0	0	0	0	3	0	3	0	0	3	0	3	3	0	0	0	0	0	3	0	0	0	3	0	0	3	0	0	0	0	3	0	3	3	0	0	5	0	0	3	3	3	3	3	0	3	0	3	0	3	0	3	0	3	0	3	0	3	3	3	3	3	3	3	3	3	3	3	3	3	3	3	0	3	0	3	0	0	3	3	0	0	3	0	0	0	3	3	0	0	0	0	3	0	0	3
ITM2B#732	0	0	0	0	3	0	0	0	0	0	0	0	0	0	3	3	0	0	0	0	0	0	0	0	3	0	3	0	0	0	3	0	0	3	0	0	0	3	0	0	3	0	0	0	3	0	0	0	0	0	0	0	0	0	3	3	3	3	0	3	0	3	0	0	3	3	0	0	0	0	3	0	0	0	0	3	0	0	0	3	0	0	0	0	3	0	0	3	0	3	3	0	0	0	0	0	0	0	0	0	0	0	0	0	0	0	0	0	0	0	3	0	0	0	0	5	0	3	0	0	3	3	0	3	0	3	0	0	0	3	3	3	0	3	0	0	0	0	0	0	0	0	0	3	0	0	3	0	0	0	0	0	0	0	0	0	0	0	0	0	0	0	0	0	3	0	0	0	0	0	3	0	0	3
CXCL14#484	0	0	0	0	0	0	0	0	0	0	0	0	0	0	0	0	0	0	0	0	0	0	0	0	0	0	0	0	0	0	0	3	0	0	0	0	0	0	0	0	0	2	0	0	0	0	0	0	0	0	0	0	0	4	0	4	4	4	0	0	0	0	0	0	0	0	0	4	0	0	0	0	0	0	0	0	0	4	0	4	0	4	0	0	0	0	0	0	0	3	0	0	0	0	0	0	0	0	0	0	0	0	0	0	0	0	0	0	0	0	0	0	2	0	0	0	5	0	0	0	0	0	0	0	0	0	0	0	0	0	0	0	0	0	0	0	0	0	0	0	0	0	0	0	0	0	0	0	0	2	0	0	2	0	0	0	0	0	0	0	0	0	4	4	0	0	0	0	4	0	0	0	0	4
SLIT3#813	0	0	0	0	0	4	0	0	4	0	0	0	0	0	0	4	0	0	0	0	0	0	0	0	0	0	0	0	4	0	0	4	0	0	0	0	0	0	4	0	0	2	0	0	0	4	0	0	0	0	4	0	0	4	0	4	4	4	0	0	0	2	2	0	0	0	0	4	4	2	0	0	0	2	0	0	0	4	0	4	0	4	2	0	0	0	0	0	0	0	0	0	2	2	2	2	0	4	0	2	2	2	2	2	2	2	0	2	2	2	0	0	2	2	2	2	0	5	0	2	0	0	0	0	2	2	0	0	0	0	4	0	0	0	2	2	2	2	2	2	2	2	0	2	2	2	0	2	2	2	0	0	2	0	0	2	2	2	0	0	2	0	4	4	0	0	0	4	4	2	0	0	0	4
MDK#035	0	0	0	0	0	4	0	0	0	0	0	0	0	0	0	0	0	0	0	4	0	4	0	0	0	0	0	0	0	0	0	4	3	0	0	0	0	0	0	0	0	0	0	0	0	0	0	0	0	0	0	0	0	0	0	4	4	4	0	0	0	0	0	0	0	0	0	4	0	0	0	0	0	0	0	0	0	0	0	4	0	0	0	0	0	4	0	0	0	0	0	0	0	0	0	0	0	0	0	2	0	2	2	0	0	0	0	2	0	0	0	0	0	0	2	0	0	0	5	0	0	0	0	0	0	0	0	0	0	0	0	0	0	0	0	0	0	0	0	0	0	0	0	0	0	0	0	0	0	0	0	0	2	0	0	0	0	0	0	0	0	0	0	0	0	0	0	0	0	0	0	0	0	3
SERPINF1#283	0	0	0	0	0	0	0	0	0	0	0	0	0	0	0	0	0	0	0	3	0	0	0	0	0	0	0	0	0	0	3	0	0	3	0	0	0	3	0	0	0	0	0	0	0	0	0	0	0	0	0	0	0	0	0	4	0	4	0	0	0	0	0	0	3	3	0	4	0	0	0	0	0	0	0	0	0	0	0	4	0	0	0	0	3	3	0	3	0	3	3	0	0	0	0	0	0	0	0	0	0	0	0	0	0	0	0	0	0	0	0	0	0	0	2	0	0	3	0	5	3	3	0	3	0	3	0	0	0	3	0	0	0	3	0	0	0	0	0	0	3	0	0	3	0	3	3	0	0	0	0	0	0	0	0	0	0	0	0	0	0	0	0	0	0	0	0	0	0	0	0	0	0	3
SFRP2#122	0	0	0	0	0	4	0	0	0	0	0	0	0	0	0	0	0	0	0	0	0	0	0	0	0	0	0	0	0	0	3	0	0	0	0	0	0	2	0	0	0	2	0	0	0	0	0	0	0	0	0	0	0	4	2	4	4	4	0	0	0	0	0	0	0	0	0	4	0	0	0	0	0	2	0	0	0	0	0	4	0	0	0	0	0	0	0	0	0	0	0	0	0	0	2	0	0	0	0	2	0	2	2	2	2	0	0	2	2	2	0	0	2	2	2	2	0	0	0	2	5	2	0	0	0	2	0	2	0	0	0	0	0	2	0	2	2	2	2	2	2	2	0	2	2	2	0	2	2	2	0	0	2	0	0	0	2	0	0	0	2	0	0	0	0	0	0	0	4	2	0	0	0	4
RARRES2#496	0	0	0	0	0	0	0	0	0	0	0	0	0	0	0	0	0	0	0	4	0	0	0	0	0	0	0	0	0	0	3	4	0	0	0	0	0	0	4	0	0	2	0	0	0	0	0	0	0	0	0	0	0	4	2	4	4	4	0	0	0	0	0	0	0	0	0	0	0	0	0	0	0	0	0	0	0	0	0	4	0	4	2	0	0	0	0	0	0	3	3	0	0	0	0	0	0	0	0	2	0	2	2	2	0	0	0	2	2	0	0	0	2	2	2	2	0	0	0	2	3	5	0	3	0	0	0	0	0	0	0	0	0	0	2	0	2	2	2	2	0	2	0	0	0	0	0	0	0	2	0	0	2	0	0	0	2	0	0	0	2	0	0	0	0	0	0	0	4	2	0	0	0	4
PTN#466	0	0	0	0	4	4	0	0	0	0	0	0	0	0	0	4	0	0	0	0	0	0	0	0	0	0	0	3	0	0	0	3	0	0	0	0	0	0	3	0	0	0	0	0	0	4	0	0	0	0	4	0	0	4	0	4	4	4	0	0	0	0	0	0	0	0	0	4	4	0	0	0	0	0	0	0	0	4	0	4	0	4	0	0	0	0	0	0	0	0	4	4	0	2	2	2	0	0	0	2	0	0	0	0	0	0	4	0	0	0	0	0	2	0	0	0	0	0	0	0	0	0	5	0	0	0	0	0	0	0	4	0	0	0	0	0	0	0	0	0	0	0	0	0	0	0	0	0	0	0	0	0	0	0	0	2	0	0	4	0	0	0	4	4	0	0	0	0	4	0	0	0	0	0
SFRP4#051	0	0	0	0	0	4	0	0	4	0	0	0	0	0	0	0	0	0	0	4	0	4	0	0	0	0	0	4	4	0	3	4	0	0	0	0	0	2	4	0	0	2	0	0	0	0	0	0	0	0	0	0	4	4	2	4	4	4	0	0	0	2	0	0	0	0	0	4	0	0	0	0	0	2	0	0	0	4	0	4	0	4	2	2	0	0	0	0	0	0	0	0	0	0	2	0	0	4	0	2	2	2	2	2	2	2	0	2	2	2	0	0	2	2	2	2	0	0	0	2	0	2	0	5	2	2	0	2	0	0	0	0	0	2	2	2	2	2	2	2	2	2	0	2	2	2	2	2	2	2	0	0	2	0	0	0	2	2	0	0	2	0	4	4	0	0	4	0	4	2	0	0	0	4
THY1#851	0	0	0	0	0	4	0	0	0	0	0	0	0	0	0	0	0	0	0	4	0	3	0	0	0	0	0	3	0	0	3	3	0	0	3	0	0	0	3	0	0	0	0	0	0	0	0	0	0	0	0	0	0	4	0	4	4	4	0	0	0	0	0	0	0	0	0	0	0	0	0	0	0	0	0	0	0	4	0	4	0	4	0	0	0	0	0	0	0	0	0	0	0	0	2	2	0	0	0	2	0	0	0	0	0	0	0	2	0	0	0	0	2	0	0	0	0	3	0	0	0	0	0	3	5	0	0	0	0	0	0	0	0	0	0	0	0	0	0	0	0	0	0	0	0	0	0	0	0	0	0	0	0	0	0	0	0	0	0	0	0	0	4	4	0	0	0	0	4	0	0	0	0	4
PDGFRB#273	0	0	0	0	0	4	0	0	0	0	0	0	0	0	0	0	0	0	0	0	0	0	0	0	0	0	0	0	0	0	3	0	0	0	3	0	0	2	0	0	0	2	0	0	0	0	0	0	0	0	0	0	0	4	0	4	4	4	0	0	0	0	0	0	0	0	0	4	0	0	0	0	0	2	0	0	0	0	0	4	0	4	0	0	3	0	0	3	0	3	0	0	0	0	2	0	0	0	0	0	0	2	0	2	2	2	0	0	2	2	0	0	2	2	2	2	0	3	0	2	3	0	0	3	0	5	0	2	0	3	0	0	0	3	2	2	2	2	2	2	5	2	0	5	5	0	3	2	2	2	0	0	2	0	3	0	2	2	0	0	2	0	4	4	0	0	0	0	4	2	0	0	0	4
RUNX2#231	0	0	0	0	0	0	0	0	0	0	0	0	0	0	0	0	0	0	0	4	0	0	0	0	0	0	0	4	0	0	3	4	0	3	0	0	0	0	4	0	0	0	0	0	0	0	0	0	0	0	0	0	0	0	0	3	0	3	0	0	0	0	0	0	0	0	0	0	0	0	0	2	0	0	0	0	0	0	0	0	0	0	0	0	0	4	0	0	0	0	0	0	0	0	0	0	0	0	0	0	0	0	0	0	2	0	0	0	0	0	0	0	0	0	0	0	0	0	0	0	0	0	0	0	0	0	5	0	0	0	0	0	0	0	0	0	0	0	0	0	0	0	0	0	0	0	0	0	0	0	0	0	0	0	0	0	0	0	0	0	0	0	0	0	0	0	0	0	0	0	0	0	0	3
PRRX1#695	0	0	0	0	0	0	0	0	0	0	0	0	0	3	0	0	0	0	0	0	0	0	0	0	0	0	0	0	0	0	3	0	0	3	3	0	0	0	0	0	0	2	0	0	0	0	0	0	0	0	0	0	0	4	0	4	4	4	0	0	0	0	0	0	0	0	3	4	0	0	0	0	0	0	0	0	0	0	0	4	0	0	0	0	3	3	0	3	0	3	0	0	0	0	0	0	0	0	0	0	0	2	0	0	2	0	0	0	2	0	0	0	2	0	2	0	0	0	0	0	3	0	0	3	0	3	0	5	0	0	0	0	0	3	0	2	2	2	2	2	3	2	0	0	0	0	0	0	0	2	0	0	2	0	0	0	2	0	0	0	0	0	0	0	0	0	0	0	4	2	0	0	0	4
JUNB#473	0	0	0	0	0	0	0	0	0	0	0	0	0	0	0	0	0	0	0	0	0	0	0	0	0	0	0	4	0	0	0	4	0	0	0	0	0	0	4	0	0	0	0	0	0	0	0	0	0	0	0	0	0	0	0	0	0	3	0	0	0	0	0	0	0	0	0	0	0	0	0	0	0	0	0	0	0	0	0	0	0	0	0	0	0	0	0	0	0	0	0	0	0	0	0	0	0	0	0	0	0	0	0	0	2	0	0	2	0	0	0	0	0	0	0	0	0	0	0	0	0	0	0	0	0	0	0	0	5	0	0	0	0	0	0	0	0	0	0	0	0	0	0	0	0	0	0	0	0	0	0	0	0	0	0	0	0	0	0	0	0	0	0	0	0	0	0	0	0	0	0	0	0	0
CDH5#677	0	0	0	0	0	4	0	0	0	0	0	0	0	0	0	0	0	0	0	0	0	0	0	0	0	0	0	0	0	0	0	4	0	0	0	0	0	0	0	0	0	2	0	0	0	0	0	0	0	0	0	0	0	4	2	4	0	4	0	0	0	0	0	0	0	0	0	4	0	0	0	0	0	0	0	5	0	4	0	4	0	4	0	0	0	3	0	3	0	3	0	0	0	0	2	0	0	0	0	0	0	2	0	0	2	2	0	0	2	0	0	0	2	2	2	2	0	0	0	2	0	0	0	0	0	2	0	0	0	5	0	0	0	0	0	2	2	2	2	2	0	2	0	0	2	0	0	0	2	2	0	0	2	2	0	0	2	0	0	0	2	0	4	4	0	0	4	0	4	2	0	0	0	4
DPEP1#983	0	0	4	0	4	4	0	0	4	4	0	0	4	0	0	0	0	0	0	0	4	4	0	0	0	0	0	4	4	4	0	4	4	4	0	0	0	0	4	0	0	0	0	4	0	0	0	0	0	4	0	0	0	0	0	4	4	4	0	0	0	0	0	0	0	0	0	0	4	0	0	2	4	0	0	0	0	0	4	4	4	4	0	0	0	4	0	4	4	4	4	0	0	4	0	0	4	0	0	0	0	2	2	0	2	0	4	0	0	0	0	4	0	2	0	2	0	4	0	0	0	0	4	0	0	0	0	0	0	0	5	4	0	0	2	0	0	0	0	0	0	0	0	0	0	0	0	0	0	0	4	0	0	0	4	0	0	0	2	0	0	0	0	0	4	0	4	0	0	2	4	0	4	4
ALPL#783	0	0	0	0	0	4	0	0	4	0	0	0	0	0	0	4	0	0	0	4	0	4	0	0	0	0	4	4	0	0	0	4	0	0	0	0	0	0	4	0	0	0	0	0	0	0	0	0	0	0	4	4	4	4	0	0	0	3	0	0	0	0	0	0	0	0	0	4	0	0	0	2	0	0	0	0	0	0	0	0	4	0	0	2	0	4	0	0	0	4	0	0	0	0	0	0	0	0	0	2	0	0	2	0	0	0	0	2	0	0	0	0	0	2	2	2	0	0	0	0	0	0	0	0	0	0	0	0	0	0	4	5	0	0	2	0	0	0	0	0	0	0	0	0	0	0	0	0	0	0	0	0	0	0	0	0	0	0	0	0	0	0	0	0	0	4	0	0	4	0	0	0	0	0
ISG15#483	0	0	0	0	0	0	0	0	0	0	0	0	0	0	0	0	0	0	0	4	0	4	0	0	0	0	0	4	4	4	0	4	0	0	0	0	0	0	4	0	0	0	0	0	0	0	0	0	0	0	0	0	0	0	0	0	0	0	0	0	0	0	0	0	0	0	0	4	0	0	0	2	0	0	0	0	0	0	0	0	0	0	0	0	0	4	0	0	0	0	0	0	0	0	0	0	0	0	0	0	0	0	2	0	2	0	0	2	0	0	0	0	0	0	0	0	0	0	0	0	0	0	0	0	0	0	0	0	0	0	0	0	5	0	0	0	0	0	0	0	0	0	0	0	0	0	0	0	0	0	0	0	0	0	0	0	0	0	0	0	0	0	0	0	0	0	0	0	0	0	0	0	0	4
CTSK#450	0	0	0	0	0	0	0	0	4	0	0	0	0	0	0	0	0	0	0	0	0	0	0	0	0	0	0	4	4	0	3	4	0	3	0	0	0	2	4	0	0	2	0	0	0	0	0	0	0	0	0	0	0	4	0	4	4	4	0	0	0	0	0	0	0	0	0	4	0	0	0	0	0	0	0	0	0	0	0	4	0	0	2	0	0	0	0	0	0	3	0	0	0	0	0	0	0	0	0	2	2	2	2	2	2	2	0	2	2	2	0	0	2	2	2	2	0	0	0	2	3	0	0	3	0	2	0	2	0	0	0	0	0	5	2	2	2	2	2	2	2	2	0	2	2	0	0	2	2	2	0	0	2	0	0	0	2	0	0	0	2	0	0	0	0	0	0	0	4	2	0	0	0	4
FTL#788	0	3	0	0	3	0	0	0	0	0	0	0	0	0	0	3	0	0	0	4	0	0	0	0	3	0	3	0	0	0	3	0	0	0	3	0	0	0	0	0	0	0	0	0	3	0	0	0	0	0	0	0	0	0	3	3	3	3	3	3	0	0	0	0	0	0	0	0	0	0	3	0	0	0	0	3	0	0	0	3	0	0	0	0	3	0	0	0	0	3	3	0	0	0	0	0	3	0	0	0	0	0	0	0	0	0	3	0	0	0	0	0	0	0	0	0	0	3	0	0	0	3	0	3	0	3	0	0	0	0	3	3	0	3	5	0	0	0	0	0	3	0	3	3	3	0	0	0	3	0	0	0	0	3	0	0	0	3	0	0	0	0	0	0	0	0	0	0	0	0	3	0	0	0
MMP2#069	0	0	0	0	0	0	0	0	0	0	0	0	0	0	0	0	0	0	0	0	0	0	0	0	0	0	0	0	0	0	3	4	0	3	3	0	0	3	0	0	0	0	0	0	0	0	0	0	0	0	0	0	0	4	0	4	0	4	0	0	0	0	0	0	0	0	0	0	0	0	0	0	0	0	0	0	0	0	0	4	0	0	0	0	3	3	0	3	0	3	0	0	0	0	0	0	0	0	0	2	0	2	0	2	2	2	0	2	2	2	0	0	2	2	2	0	0	3	0	0	3	0	0	3	0	3	0	3	0	3	0	0	0	3	0	5	0	0	0	0	3	3	0	3	3	3	3	3	0	0	0	0	0	0	0	0	2	0	0	0	0	0	0	0	0	0	0	0	4	2	0	0	0	4
ACTA2#974	0	0	0	0	0	0	0	0	0	0	0	0	0	0	0	0	0	0	0	0	0	0	0	0	0	0	0	0	0	0	3	4	0	0	3	0	0	3	0	0	0	2	0	0	0	0	0	0	0	0	0	0	0	4	0	4	4	4	0	0	0	0	0	0	0	3	3	4	0	0	0	0	0	0	0	3	0	0	0	4	0	4	0	0	3	3	0	3	0	3	3	0	0	0	0	0	0	0	0	2	0	2	0	2	2	0	0	0	2	0	0	0	2	2	2	0	0	3	0	0	3	3	0	3	0	3	0	3	0	3	0	0	0	3	0	0	5	2	5	5	3	5	0	3	3	0	3	3	5	5	0	0	2	3	0	0	2	2	0	0	0	0	0	0	0	0	0	0	4	2	0	0	0	4
LUM#744	0	0	0	0	0	0	0	0	0	0	0	0	0	0	0	3	0	0	0	0	0	0	0	0	0	0	0	0	0	0	3	4	0	3	3	0	0	3	0	0	0	2	0	0	0	0	0	0	0	0	0	0	0	4	0	4	0	4	0	0	0	3	0	0	0	3	3	0	0	0	0	0	0	0	0	3	0	0	0	4	0	0	0	0	3	3	0	3	0	3	0	0	0	0	0	0	0	0	0	0	0	2	0	2	2	0	0	0	2	0	0	0	2	0	2	0	0	3	0	0	3	3	0	3	0	3	0	3	0	3	0	0	0	3	0	0	3	5	5	5	3	5	0	3	3	3	3	3	0	5	0	0	2	3	0	0	2	0	0	0	0	0	0	0	0	0	0	0	4	2	0	0	0	4
COL3A1#076	0	0	0	0	0	0	0	0	0	0	0	0	0	3	0	3	0	0	0	0	0	0	0	0	0	0	0	0	0	0	3	4	0	3	3	0	0	3	0	0	0	2	0	0	0	0	0	0	0	0	0	0	0	4	0	4	0	4	0	0	0	3	0	0	0	3	3	4	0	0	0	0	0	0	0	3	0	0	0	4	0	0	0	0	3	3	0	3	0	3	3	0	0	0	0	0	0	0	0	0	0	2	0	2	2	0	0	0	2	0	0	0	2	0	2	0	0	3	0	0	3	3	0	3	0	3	0	3	0	3	0	0	0	3	0	0	5	5	5	5	3	5	0	3	3	3	3	3	3	5	0	0	2	3	0	0	2	0	0	0	0	0	0	0	0	0	0	0	4	2	0	0	0	4
COL6A3#438	0	0	0	0	0	0	0	0	0	0	0	0	0	0	0	3	0	0	0	0	0	0	0	0	0	0	0	4	0	0	3	4	0	3	3	0	0	3	0	0	0	2	0	0	0	0	0	0	0	0	0	0	0	4	0	4	0	4	0	0	0	3	0	0	0	3	3	4	0	0	0	0	0	0	0	0	0	0	0	4	0	0	0	0	3	3	0	3	0	3	0	0	0	0	0	0	0	0	0	0	0	2	0	2	2	0	0	0	2	0	0	0	2	2	2	0	0	3	0	0	3	3	0	3	0	3	0	3	0	3	0	0	0	3	0	0	5	5	5	5	3	5	0	3	3	0	3	3	0	5	0	0	2	3	0	0	2	0	0	0	0	0	0	0	0	0	0	0	4	2	0	0	0	4
PCOLCE#465	0	0	0	0	0	0	0	0	0	0	0	0	0	0	0	0	0	0	0	4	0	0	0	0	0	0	0	0	4	0	3	4	0	0	0	0	0	0	4	0	0	2	0	0	0	0	0	0	0	0	0	0	0	4	0	4	4	4	0	0	0	0	0	0	0	0	0	4	0	0	0	0	0	0	0	0	0	0	0	4	0	4	2	0	0	0	0	3	0	3	0	0	0	0	2	0	0	0	0	2	2	2	2	2	2	2	0	2	2	2	0	0	2	2	2	0	0	3	0	2	3	0	0	3	0	5	0	2	0	0	0	0	0	3	2	2	2	2	2	2	5	2	0	3	2	0	0	0	2	2	0	0	2	0	0	0	2	0	0	0	2	0	0	0	0	0	0	0	4	2	0	0	0	4
COL1A2#403	0	0	0	0	0	0	0	0	0	0	0	0	0	3	0	3	0	0	0	0	0	0	0	0	0	0	0	0	0	0	3	4	0	3	3	0	0	3	0	0	0	2	0	0	0	0	0	0	0	0	0	0	0	4	0	4	0	4	0	0	0	3	0	0	0	3	3	4	0	0	0	0	0	0	0	3	0	0	0	4	0	0	0	0	3	3	0	3	0	3	0	0	0	0	0	0	0	0	0	0	0	2	0	2	2	0	0	0	2	0	0	0	2	2	2	0	0	3	0	0	3	3	0	3	0	3	0	3	0	3	0	0	0	3	0	2	5	5	5	5	3	5	0	3	3	3	3	3	3	5	0	0	2	3	0	0	2	0	0	0	0	0	0	0	0	0	0	0	4	2	0	0	0	4
MFAP2#417	0	0	0	0	0	4	0	0	0	0	0	0	0	0	0	0	0	0	0	4	0	0	0	0	0	0	0	0	0	0	3	4	0	0	0	0	0	0	4	0	0	2	0	0	0	0	0	0	0	0	0	0	0	4	0	4	4	4	0	0	0	0	0	0	0	0	0	4	0	0	0	0	0	0	0	0	0	4	0	4	0	4	2	0	0	0	0	0	0	0	0	0	0	0	0	0	0	0	0	2	0	2	2	2	0	2	0	2	0	0	0	0	2	2	2	0	0	0	0	0	0	0	0	0	0	0	0	0	0	0	0	0	0	0	2	0	0	0	0	0	0	0	5	0	0	0	0	0	0	0	0	0	2	0	0	0	2	0	0	0	0	0	0	0	0	0	0	0	4	2	0	0	0	4
MXRA8#422	0	0	0	0	0	4	0	0	0	0	0	0	0	0	0	0	0	0	0	0	0	0	0	0	0	0	0	0	0	0	3	4	0	0	3	0	0	3	0	0	0	2	0	0	0	0	0	0	0	0	4	0	0	4	0	4	4	4	0	0	0	0	0	0	0	0	0	4	0	2	0	0	0	0	0	0	0	0	0	4	0	4	0	0	3	3	0	3	0	0	0	0	0	0	2	0	0	0	0	0	0	2	0	2	2	2	0	0	2	2	0	0	2	2	2	2	0	3	0	2	3	0	0	3	0	5	0	0	0	0	0	0	0	3	2	2	2	2	2	2	2	2	0	5	5	0	3	0	2	2	0	0	2	0	3	0	2	2	0	0	2	0	4	4	0	0	0	0	4	2	0	0	0	4
BGN#905	0	0	0	0	0	0	0	0	0	0	0	0	0	0	0	0	0	0	0	0	0	0	0	0	0	0	0	0	0	0	3	4	0	3	3	0	0	0	0	0	0	2	0	0	0	0	0	0	0	0	0	0	0	4	0	4	4	4	0	0	0	0	0	0	0	0	0	4	0	0	0	0	0	0	0	3	0	0	0	4	0	0	0	0	3	0	0	3	0	0	3	0	0	0	2	0	0	0	0	2	0	2	0	2	2	0	0	0	2	0	0	0	2	2	2	0	0	3	0	0	3	0	0	3	0	5	0	0	0	3	0	0	0	3	2	2	2	2	2	2	3	2	0	5	5	0	3	0	2	2	0	0	2	0	0	0	2	0	0	0	2	0	0	0	0	0	0	0	4	2	0	0	0	4
FBLN1#994	0	0	0	0	0	4	0	0	0	0	0	0	0	0	0	0	0	0	0	0	0	0	0	0	0	0	0	4	0	0	3	4	0	3	0	0	0	0	4	0	0	2	0	0	0	0	0	0	0	0	0	0	0	4	0	4	4	4	0	0	0	0	0	0	0	0	0	0	0	0	0	0	0	0	0	0	0	0	0	4	0	0	0	0	3	0	0	3	0	0	0	0	0	0	0	0	0	0	0	2	0	2	2	2	0	0	0	0	2	0	0	0	2	2	2	0	0	3	0	2	3	0	0	3	0	0	0	0	0	0	0	0	0	0	0	2	0	2	2	0	0	2	0	0	0	5	3	0	0	2	0	0	2	0	0	0	2	0	0	0	0	0	0	0	0	0	0	0	4	2	0	0	0	4
ASPN#087	0	0	0	0	0	4	0	0	4	0	0	0	0	0	0	0	0	0	0	0	0	0	0	0	0	0	0	4	4	0	3	4	0	0	0	0	0	2	4	0	0	2	0	0	0	0	0	0	0	0	0	0	0	4	2	4	0	4	0	0	0	0	0	0	0	0	0	4	0	0	0	0	0	0	0	0	0	0	0	4	4	4	0	0	0	3	0	3	0	0	0	0	0	0	2	0	0	0	0	2	0	2	0	2	2	0	0	0	2	0	0	0	2	2	2	2	0	0	0	2	0	0	0	3	0	2	0	0	0	0	0	0	0	0	0	2	2	2	2	2	0	2	0	2	2	2	5	2	2	2	0	0	2	0	0	0	2	2	0	0	2	0	4	4	0	0	0	0	4	2	0	0	0	4
POSTN#809	0	0	0	0	0	0	0	0	0	0	0	0	0	3	0	0	0	0	0	0	0	0	0	0	0	0	0	4	0	0	3	4	0	3	3	0	0	0	0	0	0	2	0	0	0	0	0	0	0	0	0	0	0	4	0	4	4	4	0	0	0	0	0	0	0	0	0	0	0	0	0	0	0	0	0	0	0	0	0	4	0	0	0	0	0	0	0	0	0	3	0	0	0	0	0	0	0	0	0	2	0	2	2	2	2	0	0	0	2	0	0	0	2	2	2	0	0	3	0	0	3	0	0	3	0	3	0	0	0	0	0	0	0	3	0	2	2	2	2	2	0	2	0	0	0	0	3	5	0	2	0	0	2	0	0	0	2	0	0	0	0	0	0	0	0	0	0	0	4	2	0	0	0	0
TAGLN#547	0	0	0	0	0	0	0	0	0	0	0	0	0	0	0	0	0	0	0	0	0	0	0	0	0	0	0	0	0	0	3	4	0	0	0	0	0	3	0	0	0	2	0	0	0	0	0	0	0	0	0	0	0	4	0	4	4	4	0	0	0	0	0	0	0	0	0	4	0	0	0	0	0	0	0	3	0	0	0	4	0	4	0	0	3	0	0	3	0	3	0	0	0	0	0	0	0	0	0	2	0	2	2	2	0	2	0	2	2	0	0	0	2	2	2	0	0	3	0	0	3	0	0	3	0	3	0	0	0	3	0	0	0	3	2	0	5	0	2	0	3	2	0	3	3	0	3	0	5	2	0	0	2	0	0	0	2	5	0	0	0	0	0	0	0	0	0	0	4	2	0	0	0	4
DCN#893	0	0	0	0	0	0	0	0	0	0	0	0	0	3	0	0	0	0	0	0	0	0	0	0	0	0	0	0	0	0	3	0	0	3	3	0	0	3	0	0	0	2	0	0	0	0	0	0	0	0	0	0	0	4	0	4	0	4	0	0	0	3	0	0	0	3	3	4	0	0	0	0	0	0	0	3	0	0	0	4	0	0	0	0	3	3	0	3	0	3	0	0	0	0	0	0	0	0	0	0	0	2	0	0	2	0	0	0	2	0	0	0	2	2	2	0	3	3	0	0	3	3	0	3	0	3	0	3	0	3	0	0	0	3	0	0	5	5	5	5	3	5	0	3	3	3	3	3	3	5	0	0	2	0	3	0	2	0	0	0	0	0	0	0	0	0	0	0	4	2	0	0	0	4
IL11RA#773	0	0	0	0	0	0	0	0	0	0	0	0	0	0	0	4	0	0	0	0	0	0	0	0	4	0	0	0	0	0	0	0	0	0	0	0	0	0	0	0	0	0	0	0	0	0	0	0	0	0	0	0	0	0	0	0	0	0	0	4	0	0	0	0	0	0	0	0	0	0	0	0	0	0	0	0	0	0	0	0	0	0	0	0	0	3	0	3	0	0	0	0	0	0	0	0	0	0	0	0	0	0	0	0	0	0	0	0	0	0	0	0	0	0	0	0	0	0	0	0	0	0	0	0	0	0	0	0	0	0	4	0	0	0	0	0	0	0	0	0	0	0	0	0	0	0	0	0	0	0	5	0	0	0	0	0	0	0	0	0	0	0	0	0	0	0	0	0	0	0	0	0	0	4
WNT5A#990	0	0	0	0	0	0	0	0	0	0	0	0	0	0	0	0	0	0	0	0	0	0	0	0	0	0	0	0	0	0	0	4	0	3	0	0	0	0	0	0	0	2	0	0	0	0	0	0	0	0	0	0	0	4	0	4	4	4	0	0	0	0	0	0	0	0	0	4	0	0	0	0	0	0	0	0	0	0	0	4	0	0	0	0	0	0	0	0	0	0	0	0	0	0	0	0	0	0	0	2	0	2	2	2	0	0	0	2	0	0	0	0	0	0	2	0	0	0	0	0	0	0	0	0	0	0	0	0	0	0	0	0	0	0	0	0	0	0	0	0	0	0	0	0	0	0	0	0	0	0	0	5	2	0	0	0	2	0	0	0	0	0	0	0	0	0	0	0	4	0	0	0	0	0
BMPR1A#32	0	0	0	0	0	0	0	0	0	0	0	0	3	3	3	3	3	0	0	0	0	0	3	3	3	0	3	0	0	0	3	0	3	3	3	0	0	3	0	3	3	0	0	3	0	0	0	3	0	0	0	3	0	0	0	4	0	4	3	3	0	0	0	0	3	3	3	0	0	3	0	0	3	3	3	3	0	0	0	4	0	0	0	0	3	3	0	3	0	0	0	0	3	0	0	0	3	0	0	0	0	0	0	0	0	0	0	0	3	0	3	3	0	0	0	0	3	3	3	0	3	3	0	3	0	3	0	3	0	3	0	0	0	3	0	0	3	3	3	3	3	3	3	3	3	3	3	3	3	3	0	3	5	0	0	0	3	3	0	0	3	0	0	0	3	3	0	0	0	0	3	0	0	3
ACVRL1#950	0	0	0	0	0	0	0	0	4	0	0	0	0	0	0	3	0	0	0	0	0	0	0	0	0	0	0	4	0	0	0	4	4	0	0	0	0	0	4	0	0	0	0	0	0	0	0	0	0	0	0	0	0	4	2	4	4	4	0	0	0	0	0	0	0	0	0	4	0	0	0	0	0	0	0	0	0	0	0	4	0	0	0	0	0	0	0	3	0	3	0	0	0	0	0	0	0	0	0	0	0	2	0	2	2	0	0	0	2	2	0	0	2	0	2	0	0	0	0	0	0	0	0	0	0	0	0	0	0	3	0	0	0	0	2	0	2	2	2	2	0	2	0	0	0	0	0	0	0	0	0	0	0	5	0	0	2	0	0	0	0	0	4	4	0	0	0	0	4	2	0	0	0	4
TGFB3#747	0	0	0	0	0	4	0	0	0	0	4	0	0	0	0	4	0	0	0	0	0	0	0	0	0	0	0	0	0	0	3	0	0	3	0	0	0	0	0	0	0	0	0	0	0	4	0	0	0	0	4	0	0	4	0	4	0	4	0	0	0	0	2	0	0	0	0	4	0	0	0	0	0	0	0	0	0	0	0	4	0	0	0	0	3	0	0	0	0	0	0	0	0	0	2	2	0	0	0	0	0	0	0	0	0	0	0	0	0	0	0	0	2	0	0	0	0	0	0	0	0	0	0	0	0	2	0	0	0	0	4	0	0	0	0	0	0	0	0	0	0	0	0	2	0	0	0	0	0	2	0	0	0	0	5	0	0	0	0	0	0	0	0	0	0	0	0	4	4	0	0	0	0	4
MRFAP1#091	0	0	0	0	0	0	3	0	3	3	0	0	0	0	0	0	3	0	0	0	0	3	3	0	0	0	0	3	3	3	0	3	3	0	0	0	0	0	3	3	0	0	0	0	0	0	0	0	0	0	0	0	0	0	0	0	0	4	0	0	0	0	0	0	0	0	0	0	0	0	0	0	3	0	0	0	0	0	0	0	3	0	0	0	0	0	0	0	0	0	0	0	3	0	0	0	3	0	0	2	0	0	0	0	0	0	0	0	0	0	0	0	0	0	0	0	0	3	0	0	0	0	3	0	0	0	0	0	0	0	0	0	0	0	0	0	0	0	0	0	0	0	0	0	0	0	0	0	0	0	0	0	0	0	0	5	0	0	0	0	0	0	0	0	3	0	0	0	0	0	3	0	0	0
PRSS23#458	0	0	0	0	0	0	0	0	0	0	0	0	0	3	3	3	0	0	0	0	0	0	0	0	3	0	3	0	0	0	3	4	0	3	3	0	0	3	0	3	3	2	0	0	0	0	0	0	0	0	0	0	0	4	0	4	4	4	3	3	0	0	0	0	0	0	3	0	0	0	0	0	0	0	0	3	0	0	0	4	0	0	0	0	0	0	0	3	0	3	0	0	0	0	0	0	3	0	0	0	0	2	0	2	0	0	0	0	0	0	3	0	0	0	2	0	0	3	0	0	3	3	0	3	0	3	0	3	0	3	0	0	0	3	0	3	3	3	3	3	3	3	3	3	3	3	3	3	3	3	0	3	2	3	0	0	5	3	0	0	0	0	0	0	3	3	0	0	4	0	3	0	0	3
MYL9#058	0	0	0	0	0	0	0	0	0	0	0	0	0	0	0	0	0	0	0	0	0	0	0	0	0	0	0	0	0	0	3	4	0	0	0	0	0	3	4	0	0	2	0	0	0	0	0	0	0	0	0	0	0	4	0	4	0	4	0	0	0	0	0	0	0	0	0	4	0	0	0	0	0	0	0	0	0	0	0	4	0	0	0	0	3	0	0	3	0	0	0	0	0	0	0	0	0	0	0	2	0	2	2	2	0	2	0	2	2	0	0	0	2	2	2	0	0	3	0	0	0	0	0	3	0	3	0	0	0	0	0	0	0	0	2	0	3	0	0	0	0	0	0	3	0	0	3	0	5	0	0	0	2	0	0	0	2	5	0	0	0	0	0	0	0	0	0	0	4	2	0	0	0	4
TNFRSF14#354	0	0	0	0	0	3	0	0	4	0	0	0	0	0	0	0	0	0	0	0	0	4	0	0	0	0	0	4	4	0	0	4	4	0	0	0	0	0	4	4	0	0	0	0	0	0	0	0	0	0	3	0	0	0	0	3	0	3	0	0	0	0	0	0	0	0	0	0	0	0	0	0	0	0	0	0	0	0	0	3	0	0	0	0	0	4	0	0	0	3	0	3	0	0	0	0	0	0	0	0	0	0	0	0	2	0	3	0	0	0	0	4	0	0	0	0	0	0	0	0	0	0	4	0	0	0	0	0	0	0	3	0	0	0	0	0	0	0	0	0	0	0	0	0	0	0	0	0	0	0	0	0	0	0	0	0	0	0	5	0	0	0	0	0	4	0	0	0	0	0	0	0	0	0
RILP#366	0	0	0	0	0	0	0	0	0	0	0	0	0	0	0	0	0	0	0	3	0	0	0	0	0	0	0	0	4	0	0	0	4	0	0	0	0	0	0	4	0	0	0	0	0	0	0	0	0	0	0	0	0	0	0	0	3	3	0	0	0	0	0	0	0	0	0	0	0	0	0	0	0	0	0	0	0	0	0	0	0	0	0	0	0	3	0	0	0	0	3	0	0	0	0	0	0	3	0	0	0	0	0	0	0	0	0	0	0	0	0	4	0	0	0	0	0	0	0	0	0	0	0	0	0	0	0	0	0	0	0	0	0	0	0	0	0	0	0	0	0	0	0	0	0	0	0	0	0	0	0	0	0	0	0	0	0	0	0	5	0	0	0	0	0	0	0	0	3	0	0	3	0	0
NUPR1#230	0	0	0	0	0	0	0	0	0	0	0	0	0	0	0	0	0	0	0	0	0	0	0	0	0	0	0	0	0	0	3	4	0	0	0	0	0	3	0	0	0	2	0	0	0	0	0	0	0	0	0	0	0	4	0	4	4	4	0	0	0	0	0	0	0	0	3	0	0	0	0	0	0	0	0	0	0	0	0	4	0	0	0	0	3	0	0	3	0	3	3	0	0	0	0	0	0	0	0	0	0	2	0	0	0	0	0	0	0	0	0	0	0	0	2	0	0	3	0	0	3	3	0	3	0	3	0	0	0	3	0	0	0	3	0	0	0	0	0	0	3	0	0	3	3	0	3	0	0	0	0	0	2	0	0	0	0	0	0	0	5	0	0	0	0	0	0	0	4	0	3	0	0	3
PAPD4#761	0	0	0	0	0	3	0	0	0	0	0	0	0	0	0	0	0	0	0	0	0	0	0	0	0	0	0	4	0	0	0	4	0	0	0	0	0	0	0	0	0	0	0	0	0	0	0	0	0	0	3	0	0	0	0	0	0	3	0	0	3	0	0	0	0	0	0	0	0	0	0	0	0	0	0	0	0	0	0	0	0	0	0	0	0	0	0	0	0	0	0	0	0	0	0	0	0	0	0	0	0	0	0	0	0	0	3	0	0	0	0	0	0	0	0	0	0	0	0	0	0	0	0	0	0	0	0	0	0	0	0	0	0	0	0	0	0	0	0	0	0	0	0	0	0	0	0	0	0	0	0	0	0	0	0	0	0	0	0	0	0	5	0	0	0	0	0	0	0	0	0	0	0	0
HIST1H2AJ#583	0	0	0	0	0	0	4	0	4	0	0	0	0	4	4	4	4	0	0	0	4	4	0	0	0	0	0	4	4	4	0	4	0	0	0	0	0	4	4	0	0	0	0	4	0	0	0	0	0	0	0	4	0	0	0	0	0	3	0	0	0	0	0	0	4	0	4	0	0	0	0	2	0	0	0	4	0	0	0	0	4	0	0	0	4	4	0	4	0	0	0	0	0	0	0	0	0	0	0	0	0	0	2	0	0	0	0	0	0	0	0	4	0	0	0	0	4	4	0	0	0	0	4	4	4	4	0	0	0	4	0	0	0	0	0	0	0	0	0	0	0	0	0	4	0	0	4	0	0	0	0	0	0	4	0	0	0	0	0	0	0	0	5	0	0	4	0	0	3	0	0	0	0	4
HIST1H2AM#583	0	0	0	0	0	0	4	0	4	0	0	0	0	4	4	4	4	0	0	0	4	4	0	0	0	0	0	4	4	4	0	4	0	0	0	0	0	4	4	0	0	0	0	4	0	0	0	0	0	0	0	4	0	0	0	0	0	3	0	0	0	0	0	0	4	0	4	0	0	0	0	2	0	0	0	4	0	0	0	0	4	0	0	0	4	4	0	4	0	0	0	0	0	0	0	0	0	0	0	0	0	0	2	0	0	0	0	0	0	0	0	4	0	0	0	0	4	4	0	0	0	0	4	4	4	4	0	0	0	4	0	0	0	0	0	0	0	0	0	0	0	0	0	4	0	0	4	0	0	0	0	0	0	4	0	0	0	0	0	0	0	0	0	5	0	4	0	0	3	0	0	0	0	4
FAM46B#518	0	0	0	0	4	4	4	0	0	0	0	0	0	0	0	4	0	4	4	0	0	0	0	0	0	4	0	4	4	0	0	4	0	0	0	0	4	0	4	0	0	2	0	0	0	0	0	0	0	0	4	0	4	4	0	4	4	4	0	0	0	0	2	0	0	0	0	4	4	2	0	0	0	0	0	0	0	4	0	4	4	0	0	0	0	0	0	0	0	0	4	0	0	0	0	0	0	0	0	2	0	2	2	2	0	0	4	2	2	0	0	0	0	2	2	2	0	0	0	0	0	0	0	0	0	0	0	0	0	0	4	0	0	0	0	0	0	0	0	0	0	0	0	0	0	0	0	0	0	0	0	0	2	0	0	2	2	0	4	0	0	0	0	0	5	0	0	0	4	2	0	0	0	4
WISP3#861	0	0	0	0	0	4	0	0	0	0	0	0	0	0	0	0	0	4	0	0	0	0	0	0	0	4	0	4	0	0	0	4	0	0	0	0	0	0	4	0	0	2	0	0	0	4	0	0	0	0	4	0	0	0	0	4	4	4	0	0	0	0	0	0	0	0	0	0	4	0	0	0	0	0	0	0	0	4	0	4	4	0	0	0	0	0	0	0	4	0	0	0	0	0	0	0	0	4	0	0	0	2	0	2	0	0	0	0	2	0	0	0	0	0	2	0	0	0	0	0	0	0	0	0	0	0	0	0	0	0	0	4	0	0	0	0	0	0	0	0	0	0	0	0	0	0	0	0	0	0	0	0	2	0	0	0	2	0	0	0	0	0	4	4	0	5	0	0	4	2	0	0	0	0
LECT1#309	0	0	0	0	4	4	0	0	0	0	0	0	0	0	4	0	0	0	0	0	0	0	4	0	4	0	4	0	0	0	4	0	0	0	0	0	0	0	0	0	4	0	0	0	0	0	0	0	0	0	4	0	0	0	0	0	0	0	0	4	4	0	0	0	0	0	4	0	4	0	0	0	0	0	0	0	0	0	0	0	0	0	0	0	0	0	0	0	0	4	4	0	0	0	0	0	4	0	0	0	0	0	0	0	0	0	0	0	0	0	0	0	0	0	0	0	0	0	0	0	0	0	0	4	0	0	0	0	0	4	4	0	0	0	0	0	0	0	0	0	0	0	0	0	0	0	0	0	0	0	0	0	0	0	0	0	0	0	0	0	0	0	0	0	0	0	5	0	0	0	4	0	4	0
CDC45L#126	0	0	0	0	0	0	0	0	0	0	5	0	0	4	0	0	0	0	0	4	4	4	0	0	0	0	0	0	4	4	0	4	0	0	0	0	0	0	4	0	0	0	0	0	0	0	0	0	0	0	0	0	0	0	0	0	0	4	0	0	0	0	0	0	0	0	0	0	0	0	0	0	0	0	0	0	0	0	0	0	0	0	0	0	4	4	0	4	4	0	4	0	0	0	0	0	0	0	0	0	0	0	2	0	0	0	0	0	0	0	0	0	0	0	0	0	0	4	0	0	0	0	0	0	0	0	0	0	0	0	0	0	0	0	0	0	0	0	0	0	0	0	0	0	0	0	0	0	0	0	0	0	0	0	4	0	0	0	0	0	0	0	0	0	0	0	0	5	3	0	0	0	0	4
HIST1H1E#553	0	4	4	0	0	0	4	4	4	4	0	2	0	4	4	4	4	0	0	0	4	4	4	4	4	0	4	4	4	4	4	4	4	4	4	0	0	4	4	4	4	0	0	4	0	2	0	4	4	0	0	4	0	0	4	0	0	0	4	4	0	0	4	0	4	4	4	0	0	4	0	2	4	4	0	4	0	2	0	0	4	0	0	0	4	4	4	4	4	4	4	0	0	0	4	4	4	0	0	0	0	0	2	0	0	0	0	0	0	0	4	4	4	0	0	0	4	4	0	0	4	4	4	4	4	4	0	4	0	4	0	4	0	4	0	4	4	4	4	4	4	4	4	4	4	4	4	4	4	4	0	4	0	4	4	0	4	4	0	2	4	0	2	2	4	4	0	2	5	0	4	0	0	4
CTGF#101	0	0	0	0	0	0	0	0	0	0	0	0	0	3	3	3	0	0	0	0	0	0	0	0	3	0	3	0	0	0	3	0	0	3	3	0	0	3	0	3	0	0	0	3	0	0	0	0	0	0	0	0	0	0	0	4	0	4	0	3	0	0	0	0	3	3	3	0	0	0	0	0	0	0	0	3	0	0	0	4	0	0	0	0	3	0	0	3	0	3	3	0	0	0	0	0	3	0	0	0	3	2	0	0	0	0	0	0	0	0	0	0	0	0	0	0	0	3	0	0	3	3	0	3	0	3	0	3	0	3	3	0	0	3	0	3	3	3	3	3	3	3	3	3	3	3	3	3	3	3	0	0	0	3	0	0	0	3	0	0	0	0	0	0	3	3	0	0	0	5	3	0	0	3
WISP2#792	2	0	0	0	4	4	0	0	4	0	0	0	0	0	0	4	0	0	0	0	0	0	0	0	0	4	4	4	4	0	0	4	0	0	0	0	4	0	4	0	0	2	0	0	0	4	0	0	0	0	4	0	4	4	0	4	4	4	0	0	0	2	2	0	0	0	0	4	0	0	0	0	0	2	0	0	0	0	0	4	0	4	2	2	0	0	0	0	0	0	0	0	2	0	2	2	0	4	0	2	0	2	2	2	2	2	0	2	2	2	0	4	2	2	2	2	0	0	0	0	0	0	0	0	0	0	0	0	0	0	4	0	0	0	2	0	0	0	0	0	0	0	0	0	0	0	0	0	0	0	0	0	2	0	0	2	2	0	0	0	2	0	0	0	0	0	4	0	4	2	5	0	0	4
C16orf77#046	0	0	0	0	0	0	0	0	0	0	0	0	0	0	0	0	0	5	2	0	0	0	0	0	0	2	0	0	0	0	0	3	0	0	0	0	0	0	0	4	0	0	5	0	0	0	0	0	0	0	0	0	0	0	0	0	0	0	0	0	0	0	0	0	0	0	0	0	0	0	0	0	0	0	0	0	0	0	0	0	0	0	0	0	0	0	0	0	0	0	0	0	0	0	0	0	0	0	0	0	0	0	0	0	0	0	0	0	0	0	0	0	0	0	0	0	0	0	0	0	0	0	0	0	0	0	0	0	0	0	0	0	0	0	0	0	0	0	0	0	0	0	0	0	0	0	0	0	0	0	0	0	0	0	0	0	0	0	0	2	0	0	0	0	0	0	0	0	0	0	0	5	0	0
ZFP106#781	0	0	0	0	0	0	0	0	0	0	0	0	0	0	0	4	0	0	0	3	0	0	0	0	0	0	0	0	0	0	0	0	0	4	0	0	0	0	0	0	0	0	0	0	0	0	0	0	0	0	0	4	4	0	0	0	0	0	0	0	0	0	0	0	0	0	0	0	0	0	0	0	0	0	0	0	0	0	0	0	0	0	0	0	0	3	0	0	0	0	4	0	0	0	0	0	0	0	0	0	0	0	0	0	0	0	0	0	0	0	0	0	0	0	0	0	0	0	0	0	0	0	0	0	0	0	0	0	0	0	4	0	0	0	0	0	0	0	0	0	0	0	0	0	0	0	0	0	0	0	0	0	0	0	0	0	0	0	0	0	0	0	0	0	0	0	4	0	0	0	0	0	5	3
ZNF474#907	2	0	4	4	4	4	4	4	4	4	4	2	4	0	2	0	0	0	0	0	0	4	4	0	2	4	4	4	4	4	4	4	0	0	4	0	0	0	4	4	2	2	0	4	0	4	2	4	2	0	4	4	0	4	4	4	4	0	4	2	2	4	0	4	4	4	4	0	4	2	4	2	2	0	0	4	0	0	0	4	0	4	2	2	4	4	0	4	4	4	0	0	2	4	0	0	4	4	2	2	4	2	0	2	0	4	4	0	0	0	2	0	4	0	2	2	4	4	2	2	4	4	0	4	4	4	2	4	0	4	4	0	4	4	0	4	4	4	4	4	4	4	4	4	4	4	4	0	4	4	4	0	2	4	4	0	2	4	0	0	2	0	4	4	4	0	0	4	4	2	4	0	2	5
